-0.944983
-0.542018
0.026164
0.010675
-0.759888
-0.176654
-0.238824
-0.336060
-0.212033
0.942541
-0.386720
-0.474505
-0.063328
-0.174524
1.092330
-0.460784
-0.273942
-0.302972
0.608121
-0.054071
-0.336751
-0.038272
-0.207971
-0.158427
-0.174524
-0.374810
-0.417383
0.462844
-0.227811
-0.490581
0.087243
1.053339
-0.128522
0.042081
0.750467
-0.544956
0.254179
-0.238736
0.221339
-0.180100
-0.584632
0.568337
-0.343113
0.255765
-0.470283
-0.435124
-0.548385
-0.067127
-0.547993
-0.687211
-0.709663
-0.082258
-0.241595
0.986577
-0.257893
-0.174524
0.316648
-0.719927
-0.323765
0.229383
1.026631
-0.219069
-0.094606
1.317652
-0.186678
0.418693
-0.467303
0.343488
-0.499362
0.887834
-0.630330
-0.139986
-0.126971
-0.174524
0.845885
-0.221202
0.927134
0.760018
-0.174524
-0.127428
-0.335054
1.033167
-0.263224
0.114879
-0.212306
-0.284757
-0.315209
1.257303
0.058991
1.099203
-0.174524
-0.257479
-0.520588
-0.283255
-0.324445
-0.072593
-0.452435
-0.174524
-0.171556
-0.309231
0.324158
-0.001264
-0.310310
1.161632
0.188727
0.154773
-0.163392
-0.279232
0.304135
0.850051
0.487648
0.798679
-0.082529
1.270379
-0.221836
-0.598177
0.457833
-0.264496
-0.261895
0.013746
0.672540
-0.182835
-0.486843
0.202099
-0.361384
1.130520
-0.461274
1.069631
-0.236888
1.315998
1.182409
-0.486762
-0.368875
1.005751
0.066237
-0.788006
-0.661950
0.000930
-0.411658
-0.760439
1.095616
1.250434
0.683856
-0.174524
-0.284935
-0.171187
-0.371882
0.804722
0.539290
1.050959
0.446799
1.350320
-0.443013
-0.310997
-0.174524
0.775766
-0.174524
-0.174524
0.469388
-0.397127
-0.226744
-0.480835
-0.274355
-0.016424
0.999313
-0.140667
0.885802
-0.129234
-0.286260
-0.174524
1.224218
-0.311960
1.106129
-0.074159
-0.163830
-0.174524
1.220025
0.150776
-0.398936
-0.578406
0.193925
-0.327046
-0.133047
-0.388580
-0.291450
-0.097662
-0.334462
-0.518058
0.719217
0.781708
-0.615726
0.816269
-0.682577
1.019116
-0.419571
-0.701395
0.075257
-0.366346
-0.173215
-0.184393
-0.174524
-0.174524
-0.386863
-0.267712
-0.540338
-0.589881
-0.163894
0.430855
-0.117970
1.095721
-0.553517
-0.613683
-0.108759
0.756450
-0.276335
0.155304
1.146017
-0.225018
-0.067036
-0.174524
-0.277289
0.474280
0.999405
-0.253041
1.099529
-0.238669
-0.510332
-0.514693
0.313886
1.303198
-0.562212
-0.174524
-0.311604
0.835782
-0.118302
-0.343541
-0.250893
-0.312105
1.217483
-0.174524
-0.334291
-0.337217
-0.312332
-0.480513
-0.226868
0.637172
-0.179033
0.975434
-0.048010
-0.266235
-0.337356
-0.194865
-0.186475
0.820283
-0.174524
-0.174524
-0.314909
0.891036
-0.369779
-0.174524
-0.629817
-0.348810
-0.571858
-0.334272
-0.237342
-0.219462
-0.185577
0.692496
-0.458466
-0.147105
-0.631968
0.778044
-0.174524
-0.382565
-0.115646
0.988639
0.430997
-0.431177
-0.483268
-0.518186
0.593662
-0.329053
0.150265
-0.440178
0.538111
0.366020
-0.409111
-0.265137
-0.126785
0.683694
0.533419
0.562427
-0.282899
-0.381323
-0.169287
-0.487815
0.795330
-0.344523
-0.386682
1.030269
0.610088
-0.465077
-0.654911
-0.434897
-0.174524
0.255587
0.286622
0.018222
-0.635849
-0.330990
-0.197261
-0.493549
0.987132
-0.248132
0.200005
-0.173734
0.269727
-0.226188
1.046970
-0.407129
0.579834
-0.174524
-0.410826
-0.304238
0.897079
-0.174524
-0.361653
0.202469
-0.166123
-0.394333
-0.082821
-0.158490
0.753727
-0.082070
0.640861
-0.148726
0.214328
-0.753318
-0.503324
-0.379812
-0.334835
-0.306419
1.168803
-0.407995
-0.364697
-0.063174
-0.203679
-0.197337
-0.620613
-0.882781
-0.554650
-0.341344
-0.472434
-0.224756
-0.232754
-0.365870
-0.341566
-0.349576
0.093502
-0.321616
-0.723341
-0.423610
1.174346
-0.517288
-0.357504
1.204212
1.077062
0.956201
0.867672
-0.579677
1.068355
1.155798
0.454277
-0.174524
-0.202280
1.036521
-0.409183
-0.620786
-0.201838
1.202545
-0.351251
-0.340499
-0.774620
-0.174524
0.418146
0.335684
-0.400563
-0.304524
-0.498767
-0.231721
-0.442984
0.048662
-0.221846
0.765220
-0.174524
0.704737
-0.174524
0.249887
-0.061558
-0.151749
1.080600
1.131087
-0.174524
-0.275748
-0.199385
-0.325587
0.057498
-0.082179
-0.174524
-0.112392
0.149136
-0.174524
-0.320966
-0.157922
-0.315583
0.998381
-0.089980
0.957213
-0.169017
-0.385857
-0.351217
-0.330342
0.606169
-0.282870
-0.082435
-0.306641
-0.237321
0.532818
0.066088
-0.445605
-0.671801
0.079380
0.941533
-0.241441
-1.001138
-0.608057
-0.120945
-0.117529
-0.174524
1.003846
0.649692
-0.260208
-0.629594
-0.005538
0.789008
1.004322
-0.001371
-0.250876
-0.133588
-0.315096
-0.462815
1.063581
-0.686118
-0.350781
-0.046444
0.009896
-0.230374
0.586015
-0.174524
-0.280713
0.620340
-0.213505
-0.232493
-0.189512
0.430033
0.838288
-0.174524
-0.174524
-0.163433
-0.484238
1.048698
-0.482094
-0.392804
-0.137437
-0.593544
1.154207
-0.174524
0.592367
-0.258792
-0.138306
-0.393336
0.303387
-0.226313
-0.041558
-0.174524
-0.247735
-0.514537
-0.161010
0.910464
-0.057067
-0.452789
0.551329
-0.324331
1.120641
-0.236460
-0.794942
-0.443106
-0.088497
1.108946
-0.082137
1.077957
0.032378
0.513525
0.689981
0.835644
1.297453
-0.023823
0.639923
-0.189011
-0.076107
-0.297808
-0.553568
-0.212211
-0.517805
0.625167
-0.237605
-0.360076
0.512871
0.634811
-0.247096
0.830503
-0.174524
1.197992
-0.177057
-0.240380
-0.282184
-0.470370
-0.478529
0.328798
0.197623
0.278707
-0.174524
-0.476513
-0.280966
-0.174524
-0.031061
0.619304
-0.527153
0.028936
-0.218726
0.507801
-0.174524
-0.174524
-0.202935
-0.305306
0.890434
-0.493705
-0.316624
-0.104263
0.718801
1.125743
1.123350
-0.372353
0.024568
-0.174524
-0.702383
0.090704
-0.438068
-0.450116
0.969487
-0.390423
-0.389181
-0.527585
-0.000317
0.765656
-0.506086
-0.170916
-0.275774
0.475661
1.276126
-0.177283
-0.174524
-0.200165
-0.386375
-0.415866
-0.024233
-0.160352
-0.199735
-0.174524
-0.361188
-0.174524
1.355974
0.984152
-0.174524
-0.190762
1.171956
0.416172
0.686751
1.104504
-0.203038
0.692434
0.865149
-0.174524
-0.318544
0.592954
0.162547
1.162512
-0.174524
-0.174524
0.941133
0.944207
-0.360846
-0.231348
1.026076
-0.189125
-0.507595
0.029173
-0.222307
-0.898495
-0.510348
-0.334334
-0.021840
0.867118
0.943031
-0.815030
-0.601916
-0.018038
-0.097567
-0.219932
-0.569371
-0.519691
1.175936
-0.172730
0.020068
0.717323
-0.412716
-0.572551
-0.290581
-0.134431
-0.422008
-0.174524
-0.349642
1.103029
0.059669
0.793543
0.117890
0.779500
0.593894
-0.174524
-0.380073
-0.485904
1.160505
-0.338481
-0.174524
-0.338993
-0.347599
-0.426084
-0.174524
-0.195978
-0.220673
-0.262088
-0.235349
-0.143569
-0.286953
-0.591314
0.096510
-0.365005
0.272653
-0.253046
0.388192
1.089322
0.160178
-0.253664
1.053131
-0.214951
0.031332
-0.472869
1.174135
0.205526
1.142451
-0.270616
-0.382373
-0.569856
-0.118188
-0.233817
-0.355431
-0.212272
-0.281383
-0.174524
1.018403
-0.369190
0.278650
-0.201625
-0.250816
-0.174524
-0.174524
-0.233160
-0.424601
-0.444037
-0.483208
0.727232
-0.427389
-0.232880
-0.174524
0.277412
-0.174524
0.922088
-0.216896
1.048836
-0.174524
0.459058
-0.221207
1.006103
1.162168
-0.196965
1.008771
0.824088
-0.304415
-0.123769
-0.519670
1.058038
0.800746
-0.210548
-0.776435
0.520515
-0.233730
1.137996
0.944873
-0.284841
1.134076
1.300368
0.280768
-0.444860
-0.174524
1.076697
0.233328
-0.765857
-0.021282
-0.076070
-0.174524
-0.174079
-0.387670
0.496225
-0.235205
0.117882
0.068951
-0.153802
-0.297240
1.255947
-0.188027
1.097810
0.897970
0.113494
-0.346233
-0.316220
-0.095655
-0.213798
-0.373810
0.112681
-0.312171
-0.087593
-0.174524
-0.568949
0.253313
-0.291180
-0.174524
0.711947
0.360079
-0.180525
-0.067162
-0.432294
-0.376943
-0.110272
0.895526
-0.174524
1.119536
1.085881
0.751483
-0.435818
-0.432835
-0.109726
-0.328931
-0.166192
-0.035383
-0.454859
-0.195775
0.039973
-0.479776
1.104632
-0.318378
0.185243
1.161749
-0.518349
-0.363708
-0.461529
-0.174524
0.241039
-0.461949
-0.380593
0.520822
-0.027124
-0.370114
-0.333688
-0.143725
0.760511
-0.206133
-0.426599
1.103353
0.516854
0.654026
-0.204891
0.329237
0.320473
0.547719
-0.174524
-0.628136
-0.216664
0.905850
0.065887
-0.291133
-0.221489
0.740384
-0.350681
0.016109
-0.107267
-0.761836
-0.117140
1.032125
-0.679359
-0.263326
-0.396145
-0.072338
-0.223847
-0.337933
1.020330
-0.174524
-0.311754
0.873050
-0.240840
-0.823251
0.728884
0.511272
1.606138
-0.630428
-0.174524
0.911497
-0.498797
-0.295106
-0.533005
-0.194347
1.173928
-0.860004
-0.174524
-0.679622
0.445970
0.603362
-0.523978
0.082492
-0.589894
-0.260784
0.947456
-0.378125
0.889224
-0.145320
-0.592242
0.792437
-0.665647
-0.273761
-0.581888
-0.237958
0.717863
-0.174524
1.401294
-0.216165
0.464141
-0.174524
-0.290871
0.099479
-0.510760
-0.653230
-0.039871
-0.340550
-0.318524
-0.174524
-0.458068
-0.132287
-0.188899
-0.174524
-0.490199
1.308190
-0.495841
-0.544816
0.526953
-0.213811
-0.417731
0.704968
0.949545
-0.280637
-0.569938
-0.286221
0.881041
-0.114170
0.987839
0.105635
0.682582
0.927709
0.887813
0.565483
0.774800
-0.596212
0.991883
0.089750
-0.174524
-0.759170
-0.001659
-0.350545
-0.216055
0.571738
-0.174524
-0.397924
-0.174524
1.053565
-0.211281
-0.587882
-0.326179
0.030683
0.760833
1.150165
-0.232083
1.081059
0.941228
0.781844
0.857009
-0.430520
-0.006115
0.773879
0.136676
0.684914
1.355810
0.610021
-0.751066
1.272084
1.111294
-0.174524
-0.174524
-0.070138
-0.229956
0.037481
-0.375235
1.044581
0.029047
-0.144625
-0.346041
0.562613
0.853056
-0.176528
0.903016
-0.174524
1.086436
-0.488698
1.195841
0.545540
0.995706
0.457375
1.043144
-0.340357
1.200717
0.088031
0.576631
1.204662
-0.017399
-0.005843
-0.244348
1.193255
-0.250724
-0.555542
1.469786
-0.174524
-0.461553
-0.173797
-0.174524
-0.174524
1.119830
-0.259494
0.466234
-0.272638
-0.227954
-0.113201
-0.174524
1.184687
-0.174524
-0.210721
-0.734343
0.520878
-1.100446
-0.440205
-0.415978
1.023675
0.583308
-0.297845
-0.174524
0.719178
-0.205039
-0.512143
-0.257067
0.871867
-0.381663
-0.249257
-0.195938
-0.398904
0.721297
-0.019378
1.050405
0.033310
-0.580014
0.923160
1.196297
-0.173285
1.168106
1.199378
-0.332925
1.110916
0.029398
0.093910
0.548931
-0.754555
-0.365650
-0.739627
-0.256020
-0.083250
-0.546028
-0.458697
-0.801482
0.145281
-0.152350
0.054865
-0.201442
1.237123
-0.451648
-0.342405
-0.572428
0.811911
1.021049
-0.409494
1.089556
-0.508885
0.414220
-0.229044
-0.307499
1.159415
-0.174524
-0.418418
-0.224876
1.025807
0.687174
-0.174524
0.755989
-0.462911
-0.367758
0.472570
-0.174524
-0.174524
1.022557
-0.005012
0.363708
-0.348340
-0.240830
0.093315
-0.139989
0.706967
-0.608533
1.151302
0.878804
-0.507046
1.226815
-0.223572
-0.600507
0.898564
-0.423921
-0.414211
-0.430062
-0.394647
-0.174524
0.084150
1.105883
0.545300
-0.109872
0.355394
-0.497027
-0.551733
-0.390996
-0.179547
-0.182809
-0.327344
-0.624556
-0.354290
-0.225165
1.152954
0.907611
0.651254
-0.283001
0.813446
-0.295575
0.818757
0.392061
-0.838685
0.283086
0.036060
0.613606
1.083571
-0.600260
1.532222
0.691215
-0.500764
-0.392051
-0.174524
-0.010941
0.693732
-0.127327
-0.174524
-0.754093
-0.036006
-0.304605
0.966164
-0.449532
-0.424969
-0.174524
0.646747
1.225006
-0.327099
-0.174524
-0.360742
0.751629
-0.222277
1.435385
-0.316016
-0.545931
-0.326641
-0.246719
-0.545606
0.843376
-0.317736
1.163795
0.321964
-0.438705
0.446607
-0.372729
0.123445
0.001182
0.633069
-0.378889
0.998303
0.429311
-0.250449
-0.204082
-0.520856
-0.416229
-0.232779
-0.534371
1.034763
-0.568123
-0.459562
-0.161169
-0.027189
0.006430
-0.174524
-0.308210
-0.151625
-0.345124
-0.260677
-0.081781
0.996643
-0.747958
-0.532499
-0.289201
-0.130933
-0.148471
-0.529652
-0.585584
-0.324229
0.680462
0.820683
-0.023052
0.260296
-0.189487
0.130281
0.136411
-0.281246
-0.575785
-0.174524
-0.718627
-0.174524
0.726550
-0.000657
1.210699
-0.200996
-0.299443
-0.544888
-0.380702
-0.100371
0.077619
0.727318
-0.242991
-0.201993
1.178504
-0.358569
0.260126
0.698107
-0.174524
-0.174524
0.561159
1.221753
-0.434831
-0.486401
-0.296753
-0.270664
-0.114019
0.105774
-0.308804
0.711182
1.103438
-0.303397
-0.195699
-0.174524
0.015663
-0.652780
-0.265252
1.072483
-0.479289
1.270858
0.823114
-0.198384
-0.595692
-0.174524
-0.211662
-0.001733
0.024195
-0.580156
-0.174524
-0.444806
1.133819
-0.070843
-1.064840
-0.321849
-0.371104
-0.473269
-0.399785
0.014666
0.909863
-0.223567
-0.194583
-0.314446
-0.245728
0.856967
-0.300582
-0.047081
-0.348115
-0.174524
0.135934
1.220978
-0.174524
-0.301096
-0.023426
0.886195
-0.174524
1.068038
-0.212739
-0.266276
-0.663367
-0.493381
-0.334634
0.907788
-0.248189
-0.212211
-0.642749
-0.267569
0.274908
-0.468913
1.238274
1.191567
0.106302
0.436776
-0.716968
-0.334951
1.280286
0.882659
0.657873
0.976699
-0.329318
0.309525
-0.174524
-0.043423
-0.040595
0.627247
-0.539034
-0.140169
0.169103
0.281016
-0.594609
-0.186948
-0.272670
0.070699
-0.174524
-0.107405
-0.501196
-0.374797
-0.303604
1.329593
-0.171187
0.919602
-0.174524
1.040298
-0.082330
-0.087407
-0.174524
-0.174524
-0.340492
-0.281833
1.222803
0.488196
-0.073367
0.951998
0.347824
-0.150423
-0.174524
-0.485038
-0.430452
-0.174524
-0.174524
-0.104660
-0.051502
0.898606
1.122462
-0.011230
1.238345
-0.371956
-0.174524
-0.174524
0.423959
-0.450893
-0.579212
-0.106289
-0.405485
-0.594454
-0.174524
-0.310450
1.030368
-0.368444
-0.141940
-0.112702
-0.673079
-0.189636
-0.321575
-0.108890
-0.434750
-0.389788
-0.444993
1.160240
-0.404527
-0.180585
-0.543592
-0.213693
-0.415929
-0.349079
1.228115
-0.546985
0.052477
-0.427438
-0.445550
0.037389
0.870474
-0.330435
-0.147818
-0.029007
-0.245679
0.147331
-0.287609
0.871512
-0.628136
0.906297
-0.947086
-0.235779
-0.174524
-0.313859
-0.207541
1.022253
-0.252233
1.313939
1.030355
-0.437871
0.779821
-0.341344
0.044778
0.098746
-0.427294
-0.455821
1.248979
-0.323034
-0.675822
-0.185266
0.985328
-0.340640
-0.050238
-0.855158
0.478431
-0.194327
-0.007998
1.074542
0.716846
-0.480722
0.178849
0.207587
-0.283645
0.468018
-0.139571
-0.097560
1.048183
-0.053422
-0.403162
0.820899
-0.174524
-0.012445
-0.462124
-0.101311
-0.174524
-0.186471
0.048209
-0.230837
1.264553
-0.710557
0.738551
-0.280075
-0.738139
1.050232
-0.174524
0.904679
0.366356
0.611109
1.053744
-0.331490
-0.068849
-0.328849
-0.323243
-0.174524
-0.254683
0.587335
-0.198646
-0.913579
0.806930
-0.422611
1.083446
1.019812
-0.344560
-0.243602
1.143641
-0.082809
-0.358906
-0.553833
-0.174524
-0.174524
-0.126629
-0.221250
0.942398
-0.606835
-0.530804
1.162607
-0.174524
0.730724
-0.513773
-0.358954
-0.187985
-0.573785
-0.174524
-0.174524
0.865657
-0.178544
-0.540270
0.967566
-0.191105
-0.044548
-0.028033
-0.898520
-0.513283
-0.174524
-0.265529
-0.226744
-0.204116
-0.188712
1.247104
-0.532733
-0.226744
-0.174524
-0.174524
1.200955
-0.285233
-0.202554
-0.265414
-0.208955
0.984643
-0.305783
0.319774
0.200265
0.633981
-0.400240
1.369382
-0.426312
0.125040
-0.519819
1.017095
0.792186
-0.351473
-0.270126
-0.452040
-0.179918
-0.501697
-0.174524
-0.213192
0.239414
-0.258063
-0.268599
-0.180253
-0.247487
-0.297235
0.342616
0.191179
0.273201
-0.104644
-0.376499
0.582657
0.679471
-0.377971
-0.174524
-0.162683
-0.286431
-0.428956
0.201361
-0.609742
-0.382242
-0.050014
-0.295407
-0.281251
-0.100607
-0.741003
-0.330989
-0.181387
-0.286562
-0.293920
0.086893
0.425290
0.249939
0.900151
1.191082
-0.540046
-0.242338
1.012914
-0.682655
-0.574187
1.161589
-0.219222
-0.089694
1.020939
0.968741
0.152633
-0.192206
-0.277510
0.933013
-0.675656
-0.467401
-0.305248
-0.288048
1.145212
-0.180765
-0.174524
0.962172
1.058666
-0.174524
1.207287
-0.322391
-0.348250
-0.014364
-0.174524
-0.174524
-0.519490
-0.959845
1.088052
-0.315354
-0.734962
-0.174524
-0.213609
0.676044
-0.291837
-0.174524
-0.522125
-0.247800
-0.192401
-0.037920
1.081981
-0.544303
-0.313562
-0.169344
-0.079454
1.296592
-0.220577
-0.572773
-0.546064
-0.251080
-0.185995
-0.190702
-0.558730
0.935881
-0.137951
-0.711507
-0.194294
-0.444499
-0.295411
0.489401
1.246907
0.093619
-0.178777
0.825191
0.498297
1.005434
-0.174524
-0.306090
1.030856
-0.705299
1.059376
0.666695
-0.227941
1.260171
-0.642275
-0.187773
1.327184
0.197214
-0.323032
-0.298396
-0.041156
-0.105553
1.036714
1.134705
-0.167903
1.108828
-0.488082
0.043517
-0.264455
-0.238621
-0.512371
0.905603
1.317815
1.014093
0.754162
-0.638204
-0.179030
-0.499582
-0.409783
-0.462375
-0.041961
-0.663709
-0.021071
-0.174524
-0.208355
-0.097548
-0.427965
-0.174524
-0.552979
0.019927
-0.324382
-0.726806
0.861074
0.930699
-0.174524
-0.056617
1.283760
-0.174524
-0.259844
-0.174524
-0.617758
-0.196354
-0.488215
1.195428
-0.301555
-0.405479
0.016253
0.333957
-0.332470
-0.210608
-0.211532
0.598954
0.199518
-0.532306
-0.479545
-0.174524
-0.254271
-0.215931
1.416921
-0.650650
0.512518
-0.234986
-0.376404
0.948352
-0.553803
0.807640
-0.316106
0.950902
-0.174524
0.803737
-0.174524
0.753809
-0.619583
-0.303578
0.549131
-0.632794
-0.553073
0.257456
-0.552857
-0.190727
-0.549238
-0.358911
0.141614
-0.296801
-0.443582
0.402817
1.210931
-0.134885
-0.312260
-0.612224
0.786605
0.644839
-0.352856
-0.693401
-0.337899
-0.311604
0.930107
0.556296
-0.268175
-0.692460
-0.130840
-0.184784
0.569934
-0.239867
-0.248674
-0.626809
-0.174524
-0.054452
-0.395528
1.207412
0.947717
0.151145
-0.611896
0.576264
-0.201161
-0.347671
-0.174524
-0.359424
-0.086179
-0.311520
-0.174524
-0.371300
0.363719
0.210734
-0.174524
-0.313849
-0.174524
1.080957
0.650574
0.489507
-0.406621
-0.218456
0.862694
-0.174524
-0.664548
-0.231222
-0.174524
-0.224326
-1.065798
1.088777
1.378737
-0.484158
0.871878
-0.587043
0.105058
-0.548613
-0.402533
-0.174524
-0.140286
1.085674
-0.134720
-0.408082
1.116406
-0.255580
0.275692
-0.112181
1.172842
-0.282310
1.116269
-0.597681
-0.229518
-0.547732
1.127123
1.008667
1.118990
-0.174524
1.094590
-0.179451
1.100000
-0.542476
-0.168108
-0.471371
-0.089412
-0.208333
-0.364824
-0.243229
-0.529037
0.355154
-0.343100
0.833114
-0.357506
-0.607464
0.860049
0.338013
-0.805547
-0.333632
1.199652
1.078319
0.904713
1.117539
-0.224146
-0.357329
-0.174524
1.007207
0.414829
0.131368
-0.196239
1.024719
-0.077938
0.420920
-0.023193
-0.233114
-0.233905
-0.617683
-0.174524
-0.347042
0.772486
-0.709991
-0.348617
-0.341344
1.313617
-0.297791
-0.209938
-0.675777
1.059416
-0.538919
-0.828026
-0.174524
1.110933
1.091983
1.051931
0.776578
-0.863077
-0.054652
1.012211
1.199744
1.053613
0.718573
1.096429
0.145600
-0.457091
-0.150156
-0.116315
-0.142376
-0.344044
1.003518
-0.169285
-0.420757
-0.007353
-0.449965
0.956530
-0.596802
0.592894
0.368198
-0.347306
0.910247
-0.265839
1.006260
-0.041501
0.011676
1.257920
0.972956
-0.208327
-0.174524
-0.196042
-0.539101
-0.231352
0.608080
0.626925
-0.562510
-0.174524
-0.262887
-0.174558
-0.337461
-0.039316
-0.268627
-0.484637
-0.198850
0.307963
-0.273864
-0.174524
-0.300671
-0.216055
1.149186
-0.451014
-0.174524
0.133585
1.075599
0.235906
-0.240084
-0.241120
-0.308812
-0.174524
-0.174524
-0.525527
-0.302088
0.248870
-0.174524
-0.319191
0.620810
-0.390104
-0.259734
-0.174524
0.338283
-0.463738
0.871553
0.213577
1.057983
-0.166770
-0.530180
0.515058
-0.180201
-0.274482
-0.462671
-0.196490
-0.232963
-0.172863
-0.196603
-0.546534
-0.541237
-0.401891
0.669661
1.183681
1.010681
-0.381157
0.228223
-0.093892
0.014926
-0.353490
1.190471
0.166192
-0.398054
-0.617967
-0.697978
-0.174524
-0.268855
0.054996
0.130444
0.481723
0.490896
1.193176
-0.846320
-0.516932
-0.474906
0.997591
-0.235557
-0.340966
0.963557
0.891612
-0.125775
-0.223567
-0.079791
-0.157366
1.263573
-0.339379
-0.523328
-0.174524
-0.565728
-0.254185
-0.236980
-0.037837
-0.200050
-0.334053
-0.081668
-0.174524
-0.222248
1.162476
-0.447428
1.088745
-0.279809
0.684312
-0.017152
-0.176969
0.736987
-0.036985
-0.187563
0.833443
-0.110408
0.074945
-0.311795
1.206330
0.008278
-0.253684
-0.174524
0.927633
-0.255111
-0.174524
-0.025205
1.025807
-0.245501
-0.699759
-0.521884
1.045034
-0.039226
1.320082
-0.553629
0.792550
-0.440025
1.172282
0.815028
-0.066231
0.330645
-0.174524
0.090950
-0.266568
-0.174524
0.796582
0.231205
0.168582
-0.135893
-0.291904
-0.323502
1.494775
-0.596210
-0.253949
-0.023921
-0.644163
1.190080
-0.484911
0.277914
1.023539
-0.614252
0.912364
-0.655325
-0.467616
-0.217446
0.884597
-0.340526
1.244193
-0.402097
-0.282446
1.019791
-0.528504
-0.040392
0.718105
-0.424908
0.117736
-0.707844
1.188205
-0.377837
-0.666421
-0.093320
0.312579
-0.252357
-0.415567
1.153294
-0.174524
-0.281861
-0.024172
-0.288066
1.341009
-0.714460
-0.647541
0.354617
-0.288581
1.019256
0.938149
0.595642
-0.164834
-0.052686
0.974541
0.413253
-0.402201
-0.618753
-0.068814
-0.322405
-0.276631
-0.268820
-0.303548
-0.296960
-0.166306
-0.174524
-0.280277
1.054314
-0.467910
-0.170830
1.053007
-0.321793
-0.174524
-0.289080
0.507655
0.714441
0.310963
0.233692
1.062545
-0.580627
-0.685719
-0.763224
0.575544
-0.454650
-0.217308
-0.033016
0.909455
-0.388664
1.058446
-0.502831
0.524594
0.080522
-0.857429
-0.392885
-0.132657
1.074794
-0.347968
1.223593
1.250486
1.083602
0.611927
0.445415
0.118217
-0.309497
-0.754844
-0.259749
-0.422184
-0.174051
0.982871
1.626822
-0.051418
-0.299662
-0.624178
0.521572
-0.425691
-0.001044
-0.533954
0.826686
-0.134594
1.151969
-0.670269
-0.174524
1.318990
0.093159
0.811198
-0.174524
-0.174524
-0.545281
-0.697916
-0.259255
-0.497690
-0.429381
-0.274806
0.067113
1.112256
1.626540
-0.464824
-0.328912
-0.262855
-0.028011
-0.174524
-0.174524
-0.907106
0.131763
-0.319174
-0.431298
0.703283
0.013181
-0.174524
-0.068135
0.311806
0.098329
-0.361251
-0.347868
-0.272821
0.821066
0.273257
-0.460058
0.673796
-0.007666
0.446290
0.580993
1.071731
-0.234163
0.021910
0.789449
0.297210
-0.176757
0.891210
-0.174524
-0.174524
-0.317041
-0.277397
-0.174524
-0.156344
-0.318441
-0.676332
-0.174524
1.032279
-0.214731
-0.354613
-0.177306
-0.464563
-0.189385
-0.271811
-0.023954
0.428508
0.589692
0.996255
-0.169057
-0.263224
-0.532800
-0.471567
-0.174524
0.180808
1.022865
1.314953
0.176438
-0.490925
-0.140309
0.157239
-0.990481
0.863460
0.309408
-0.424601
-0.107781
-0.908552
-0.621571
1.278239
-0.405428
0.682046
0.143739
1.044302
0.095912
0.551938
1.302132
-0.371113
1.132795
-0.203685
-0.024354
0.864962
-0.495755
-0.324543
-0.333743
0.034130
1.265911
0.720758
-0.413820
-0.175284
0.827456
-0.212474
1.030431
-0.401808
0.241379
-0.260159
-0.174524
0.995363
-0.230709
-0.528976
-0.174524
-0.174524
0.820022
-0.543470
-0.174524
-0.763611
-0.174524
0.573051
0.707764
-0.288496
-0.670845
-0.301750
-0.354139
0.557020
-0.356372
-0.309644
1.238630
-0.442545
1.254000
-0.259438
-0.133421
-0.261113
-0.187432
0.996828
1.311035
-0.503850
0.246560
0.329520
1.034704
-0.174524
-0.408593
-0.531502
0.732561
1.003289
0.096829
0.706296
-0.183643
-0.369408
-0.432260
-0.211814
1.032741
-0.515192
-0.212424
0.794683
-0.174524
-0.353742
0.861746
-0.520802
0.910426
-0.048612
0.519261
-0.713075
-0.177667
-0.174524
-0.174524
-0.387699
0.192354
-0.308150
-0.269762
-0.174524
0.711024
-0.336452
-0.179093
1.019620
-0.278821
0.410627
-0.133218
-0.552372
-0.404449
-0.243246
-0.344862
-0.469709
-0.187467
-0.403863
-0.533151
-0.503984
0.283700
0.996805
-0.573957
-0.174524
-0.331076
-0.452246
-0.150789
1.071865
-0.380710
-0.657129
-0.294373
-0.251487
-0.046214
1.093395
0.025664
-0.001707
-0.730027
1.146096
0.747916
-0.174524
0.914434
0.658140
-0.003954
-0.174524
-0.643605
0.810164
-0.226502
-0.056618
-0.177433
0.701229
1.126137
-0.256184
1.050046
-0.370509
-0.256720
-0.274144
1.246215
0.603105
-0.681284
0.766100
-0.338393
1.019641
-0.213630
-0.610894
1.306841
-0.191434
-0.081938
-0.207258
1.454307
0.804662
-0.302157
-0.251436
-0.300965
0.876994
-0.001405
-0.174524
1.024919
0.277655
1.056849
-0.575831
-0.174524
-0.348375
-0.294618
-0.262385
-0.429583
0.592925
-0.225895
0.222018
0.968722
-0.174524
-0.408035
-0.316131
-0.329561
-0.348826
-0.523253
0.613930
-0.174524
-0.184450
-0.194155
-0.785057
0.028610
-0.174524
-0.402389
-0.372229
0.061756
0.979913
-0.174524
-0.406733
-0.286260
-0.210967
-0.663476
-0.342488
1.196490
1.020221
-0.489208
-0.206539
0.791000
0.118215
0.412382
0.603659
0.441400
0.664903
-0.262820
-0.137145
0.124197
-0.210318
-0.174524
-0.137466
-0.231822
-0.614749
-0.513546
-0.315493
-0.467235
-0.174524
-0.174524
-0.158908
-0.313849
-0.174524
-0.174524
-0.452802
-0.268991
-0.174524
1.129203
-0.616499
-0.355275
-0.309607
-0.466653
-0.617840
-0.267882
0.874718
0.415422
1.397997
0.441804
0.069707
-0.181356
1.033759
1.304734
0.206261
-0.583513
-0.524228
0.113830
-0.174524
0.281771
-0.070382
-0.005753
-0.368017
-0.001684
0.452864
0.414293
0.816195
-0.219463
-0.440556
-0.250007
-0.190896
0.596371
-0.510578
0.746034
-0.252206
0.950367
-0.345274
-0.174524
-0.308439
-0.160724
-0.318592
-0.197879
-0.089226
-0.210388
1.242817
-0.323923
-0.281213
0.125612
-0.478549
0.462240
-0.220766
-0.174524
-0.080341
0.759342
-0.988057
-0.174524
0.621983
0.741925
1.119196
1.097198
-0.518183
0.341646
-0.520013
-0.174524
-0.295386
-0.474245
0.915941
-0.292055
1.253479
1.147802
-0.174524
-0.754775
1.174461
1.084891
-0.374153
-0.461956
1.280390
-0.604289
-0.253664
-0.026054
1.002756
-0.263119
-0.812126
0.840839
-0.469271
-0.263465
0.362053
-0.517265
-0.294557
0.884151
-0.628343
-0.131128
-0.391240
0.325905
-0.494508
0.024238
1.130321
-0.259781
-0.326811
-0.677953
-0.271198
-0.703028
-0.279451
-0.247835
-0.174524
-0.224249
-0.427414
0.103091
-0.410817
0.080380
-0.174524
0.064080
-0.286184
-0.035238
1.324411
-0.091687
0.628339
0.848600
-0.416383
-0.214248
0.991100
1.250728
-0.323608
1.012127
0.629633
-0.672389
-0.174524
-0.649979
0.611406
-0.362150
-0.434569
-0.683181
-0.463003
-0.415181
-0.174524
1.078525
1.226430
-0.357354
-0.230869
0.012358
-0.511329
-0.242845
-0.924223
0.213103
-0.195646
-0.242266
0.410128
-0.174524
-0.102803
-0.148167
-0.460863
-0.179608
0.158665
-0.296209
0.423133
-0.305773
-0.406931
-0.007243
-0.230757
1.155159
1.120232
-0.174524
0.146535
-0.631835
-0.174524
1.099596
-0.465066
-0.284757
1.188708
1.071353
-0.231516
-0.312332
-0.385411
-0.378336
-0.213231
-0.462577
-0.021264
0.199009
-0.219447
-0.357953
0.001257
-0.179989
0.826375
-0.568589
-0.702345
-0.278254
-0.174524
0.806967
0.847857
-0.617357
-0.334840
0.400817
-0.189891
-0.371883
-0.561101
0.040155
-0.499986
-0.355236
1.148056
0.908503
0.830327
0.394869
-0.174524
1.336182
-0.209527
-0.626536
-0.311701
-1.334809
0.354853
-0.138583
-0.364985
-0.177985
-0.585818
1.043850
-0.367745
-0.618914
0.714883
-0.509875
-0.318378
-0.435034
-0.334734
-0.060072
0.961193
0.074020
-0.073284
-0.211895
0.631099
0.817766
-0.171556
-0.203843
-0.209283
0.146381
-0.262503
0.701886
-0.432046
0.522899
-0.174524
0.327085
0.841936
-0.291466
-0.039628
0.714463
-0.174524
-0.174524
-0.494935
0.610317
0.307510
0.790616
-0.235563
-0.383626
-0.369012
0.570661
0.903795
-0.174524
-0.369040
0.598213
-0.684820
-0.160372
-0.157470
-0.484708
0.159616
0.270894
-0.404372
-0.146484
0.473587
0.960858
-0.174524
1.006760
0.219878
-0.547357
-0.316214
1.417784
0.604602
0.896071
0.485920
-0.174524
-0.323438
-0.024790
0.509575
-0.338662
0.070591
1.195682
1.011191
-0.656046
-0.622680
-0.255207
-0.174524
-0.557005
-0.174524
1.432120
-0.224332
-0.526823
0.348959
0.951757
0.355656
-0.602277
-0.212211
-0.412716
-0.222705
1.052587
-0.210579
0.880288
0.958641
0.906586
0.609785
-0.255309
0.783017
-0.085426
0.397967
0.067128
0.793330
-0.388542
-0.495498
-0.249575
-0.111995
0.323294
0.643213
1.077236
-0.314992
0.525465
-0.336183
-0.174524
-0.236485
-0.174524
-0.354799
1.076095
0.819691
-0.324682
-0.429283
-0.469091
0.366885
0.855468
-0.457186
-0.422271
0.021873
0.110857
-0.275865
0.621945
0.867674
-0.387133
-0.174524
-0.369202
0.052473
-0.395232
1.184249
-0.227052
-0.478680
0.624756
0.386590
1.070835
0.897103
-0.055239
0.374936
1.211028
-0.519905
-0.153667
-0.412099
1.094507
0.000659
-0.619604
0.961279
1.215893
-0.663703
0.820155
-0.195999
1.034811
1.000496
-0.324657
-0.280629
-0.315872
-0.275037
0.645087
-0.285670
1.081163
-0.174524
-0.174524
0.087047
-0.046424
-0.274481
0.032652
-0.364456
-0.496438
1.111539
0.396647
-0.501639
1.290977
1.023506
-0.571427
0.945981
-0.135679
0.988504
-0.174524
-0.174524
1.000614
-0.271996
-0.466967
0.954062
1.007271
-0.302664
0.241856
-0.174524
-0.174524
0.385762
-0.331724
-0.341799
-0.312332
-0.340481
-0.313269
0.137008
0.651254
0.852595
-0.635469
-0.174524
-0.215204
-1.028711
-0.216577
0.284100
-0.535397
-0.294773
1.200285
-0.495728
-0.284111
0.248260
1.212351
-0.518258
0.083118
1.087482
-0.174524
-0.424973
-0.652249
-1.037582
-0.589469
-0.582413
-0.314324
-0.585700
0.928416
-0.589490
0.032591
-0.174524
-0.492670
-0.402415
0.586794
-0.377166
-0.409219
0.691759
-0.567880
1.275997
-0.174524
-0.551345
-0.343705
-0.351080
-0.604582
0.060614
1.071471
-0.515136
0.293830
-0.563862
-0.200988
-0.513526
-0.174524
-0.214319
0.440605
0.070652
-0.539416
-0.377217
-0.471306
-0.398026
-0.233825
-0.083850
-0.598486
-0.289076
-0.174524
1.189393
-0.222164
-0.194535
-0.174524
-0.416605
0.150546
0.535976
1.077149
0.155725
0.475145
-0.382330
-0.174524
-0.241769
-0.174524
-0.189993
-0.174524
-0.301588
0.160296
-0.251814
0.095790
-0.408670
-0.226785
0.139238
-0.278770
-0.337224
0.158005
-0.373729
-0.329167
-0.445185
-0.470997
-0.282235
-0.443755
-0.326438
-0.127883
-0.253015
0.771316
-0.190511
-0.396703
1.087496
-0.188571
-0.301337
1.194153
-0.521308
-0.174524
-0.416639
-0.299181
1.146915
-0.184117
-0.228704
-0.195766
0.220970
-0.232887
-0.277284
1.155424
0.886592
0.916550
-0.304876
0.767917
0.000930
-0.363832
-0.220886
0.900360
-0.280479
-0.330231
1.252836
1.034917
-0.516943
-0.298217
-0.390931
0.108838
0.062364
1.313216
0.561115
-0.174524
-0.734093
-0.212381
-0.174524
-0.365872
-0.488348
-0.404521
-0.440209
-0.396260
-0.390065
-0.272939
-0.284190
-0.174524
-0.017646
-0.782199
-0.454625
-0.174524
-0.223071
-0.314562
-0.313826
0.061028
-0.478745
0.189686
1.197614
-0.778529
0.716872
-0.284222
-0.363716
-1.052200
-0.264216
-0.249820
0.289165
-0.174524
-0.234780
-0.918795
-0.272122
-0.174524
-0.348667
0.348924
-0.385030
0.082767
-0.361072
-0.166800
-0.513862
-0.675248
-0.357633
0.393669
-0.076899
-0.238340
-0.174524
1.067944
1.330067
0.722016
-0.311604
1.048683
1.291247
-0.091052
-0.022484
-0.297617
-0.462991
-0.317145
0.077337
-0.440570
-0.228779
0.875038
0.052426
-0.243544
0.969086
-0.126282
-0.290238
-0.417626
-0.181927
-0.168378
-0.663015
-0.174524
-0.085493
-0.174524
1.145289
1.209152
-0.358490
0.548303
-0.652847
-0.536602
0.216717
0.908204
-0.192551
-0.373114
1.082219
-0.280187
1.182419
-0.174524
0.802253
0.498464
0.931045
-0.466372
-0.354849
1.031951
0.162084
-0.174524
0.798532
0.135841
1.145324
0.418812
0.881176
-0.314410
-0.174524
-0.174524
-0.130512
0.539843
-0.260763
-0.464011
-0.134106
0.137747
-0.274511
-0.174524
0.735508
-0.183870
0.972367
-0.400996
-0.238967
1.064937
-0.218830
0.369958
-0.171187
0.386910
-0.114689
0.830442
-0.220345
-0.592327
-0.207321
-0.206183
-0.675512
-0.262820
0.651820
0.218976
-0.311041
-0.767255
-0.315238
-0.115193
-0.235349
1.127673
-0.224790
-0.380386
0.128092
-0.526420
0.927261
-0.174524
-0.189676
-0.959169
-0.607904
-0.174524
-0.766122
1.257502
-0.439456
-0.311060
0.113721
-0.489031
-0.436689
-0.174524
0.024881
-0.392450
1.029693
-0.429856
-0.632802
-0.473091
-0.381450
-0.174524
1.467987
0.996018
1.225315
1.061805
-0.346177
-0.593450
0.570999
-0.509191
-0.174524
-0.240053
-0.115585
-0.089138
-0.266948
-0.273527
-0.318025
-0.265401
0.605944
-0.533954
1.130809
-0.201331
-0.499224
-0.186150
0.771735
-0.568332
-0.417245
-0.647873
-0.347597
0.410404
0.780088
-0.069956
0.445947
0.523722
0.135430
0.681813
-0.400942
0.258588
1.002461
-0.632442
0.731792
-0.223071
-0.194079
0.911085
1.265901
-0.339551
-0.394045
-0.684601
-0.174524
-0.367081
-0.174524
-0.214059
-0.231898
0.990770
-0.443453
-0.368512
-0.468662
1.119054
-0.461894
-0.175978
-0.110863
0.393543
0.186870
-0.058040
-0.117101
-0.174524
-0.243194
-0.065525
-0.438502
-0.174524
-0.174524
1.275831
-0.314961
1.180145
0.737692
-0.840859
0.542078
-0.391594
-0.153937
1.156821
0.908402
-0.568535
-0.201396
-0.486090
-0.549902
-0.298865
1.072270
-0.425589
-0.174524
0.488346
-0.323873
-0.141774
1.021192
0.390189
0.538362
-0.266321
0.242972
0.023289
-0.306758
-0.174524
-0.471977
-0.552605
1.346548
0.061402
0.967470
-0.221827
0.589623
-0.222678
-0.274621
-0.505291
-0.352948
-0.346793
1.193188
-0.297982
0.786241
-0.682173
-0.283805
0.453506
-0.414218
-0.147280
-0.800371
0.935581
-0.115761
0.930077
-0.277308
-0.167842
0.911173
1.159204
-0.285262
1.091506
0.217666
-0.174524
0.326267
-0.484775
0.176298
-1.261493
-0.490948
-0.477058
1.294539
-0.413049
0.490278
0.291377
1.091875
-0.465403
-0.312195
0.000454
-0.113515
1.330471
0.732913
-0.058507
-0.359953
-1.296289
-0.255652
-0.352303
-0.336369
-0.137483
-1.108032
1.078328
1.444514
-0.249414
-0.351454
-0.474278
-0.174524
1.195567
-0.497755
-0.174524
0.290018
0.203792
-0.174524
-0.542967
-0.294644
-0.344856
-0.251820
-0.174524
-0.171803
-0.438907
-0.180475
-0.222362
-0.103888
-0.622518
-0.404947
-0.146725
1.132762
-0.182786
-0.271657
-0.360013
-0.252178
-0.311212
-0.390860
-0.268461
0.126345
-0.052017
-0.174524
-0.214204
-0.538894
0.825343
-0.313864
1.300014
-0.216805
-0.072348
-0.100069
0.122025
-0.545025
1.068438
-0.230080
0.120983
-0.228691
-0.259543
-0.176170
-0.012596
-0.181690
1.036249
-0.177715
-0.174524
-0.254385
0.213341
-0.261530
0.150778
0.831473
-0.174524
-0.558350
0.558178
-0.568531
0.763504
-0.637891
-0.383477
-0.174524
1.134856
0.827997
-0.319527
-0.441936
0.844263
-0.412585
-0.314562
-0.236037
0.553379
-0.150735
1.122962
-0.263123
0.584274
0.792607
0.885870
0.580534
-0.324232
-0.086786
-0.259544
-0.673732
0.978244
-0.235130
-0.191113
0.026759
-0.198680
-0.366138
-0.452736
-0.282214
0.247431
-0.215015
0.366708
-0.386463
-0.624850
-0.478826
-0.174524
-0.332006
-0.498947
-0.457977
-0.434568
-0.084871
-0.005834
-0.587904
0.027610
-0.205001
-0.420639
-0.212618
-0.358123
-0.345555
-0.816332
-0.259760
-0.573852
1.437037
-0.275058
0.054368
-0.374460
-0.174524
-0.094122
0.798192
0.866849
-0.625301
-0.956583
-0.268924
0.627247
-0.174524
-0.005770
-0.277777
-0.870303
-0.011831
0.190668
-0.358234
1.283392
-0.653373
-0.013236
-0.453669
0.730896
-0.186522
-0.174524
0.793178
-0.378078
0.737597
-0.297489
1.238517
0.974908
-0.100511
-0.086134
-0.310450
-0.394664
1.309360
0.591756
0.571779
-0.409322
-0.728499
-0.275371
-0.399642
-0.040154
0.150265
0.903399
-1.086043
-0.174524
1.017265
-0.249891
-0.210246
-0.407474
-0.710299
1.029091
-0.114184
-0.346826
0.714234
-0.174524
-0.110617
-0.126279
-0.174524
0.960800
-0.130016
-0.243695
0.299731
-0.596563
0.982552
0.905331
1.337876
-0.174524
-0.653472
-0.279104
-0.196243
-0.367998
-0.351053
-0.382516
-0.219567
-0.306519
-0.174524
0.822652
1.046293
-0.145823
0.927784
-0.564888
0.015256
0.907660
-0.401666
0.580055
-0.902085
-0.152955
0.286612
0.271300
-0.252550
-0.360790
-0.174524
-0.259166
0.920141
0.267579
-0.213221
-0.726141
0.820925
-0.174524
1.384303
-0.607663
-0.174524
-0.273356
-0.261455
-0.221530
-0.166901
-0.174524
0.768622
0.056002
0.594397
0.748816
0.565642
-0.230173
-0.620227
-0.028166
-0.386924
0.932725
-0.766154
-0.174524
-0.638829
0.924429
0.273755
1.189822
-0.034003
-0.357886
-0.390664
-0.199767
-0.436050
-0.561798
-0.550668
-0.567869
0.128636
1.036976
-0.189948
-0.240595
-0.563663
-0.259837
-0.291827
0.638700
-0.417841
-0.174524
0.438799
0.961555
-0.205060
-0.174524
-0.320873
-0.488187
-0.117798
-0.208656
-0.256552
0.268158
-0.400617
-0.174524
-0.590686
-0.384417
-0.262518
-0.369016
1.092856
1.184593
0.778227
-0.204399
-0.350064
-0.494419
-0.181488
-0.174524
0.654059
0.906543
-0.234653
0.177754
0.032404
-0.351853
-0.265137
0.434610
-0.087891
-0.320752
-0.648244
-0.451790
-0.361684
-0.261173
-0.106527
-0.174524
0.915720
-0.392688
0.944070
-0.301802
0.428661
-0.503955
-0.399548
0.102294
1.029162
-0.174524
-0.248088
0.730515
-0.572624
0.038039
-0.215043
-0.280205
-0.172615
-0.344076
1.208637
1.152785
-0.205284
-0.174524
-0.174524
-0.128857
-0.451163
-0.174524
-0.550119
0.798175
0.718132
-0.174524
0.072581
-0.241527
-0.309607
-0.166389
-0.123773
-0.276487
-0.316220
-0.223333
0.764880
-0.214310
0.965030
-0.293378
-0.185770
0.904406
-0.000334
-0.219423
-0.070453
-0.575778
0.622865
0.650960
-0.399825
1.208290
-0.219540
-0.217181
1.109363
1.185063
0.008230
1.133805
-0.174524
-0.002213
-0.046236
0.826042
-0.174524
-0.960854
0.088393
-0.556499
-0.110666
0.721581
-0.174524
-0.174524
-0.310212
0.411064
1.161869
0.807195
0.826087
0.306324
-0.282065
-0.174524
-0.198597
-0.401292
0.523524
0.778321
-0.244949
0.603472
0.508389
0.027317
0.398521
1.051884
-0.605042
-0.683374
-0.470049
0.784301
0.005407
-0.142617
-0.174524
1.306838
-0.493942
0.518237
-0.084989
1.365592
0.824211
0.072038
0.740021
0.064169
1.109214
-0.211673
-0.167500
-0.307586
0.936472
-0.265224
-0.802365
0.045243
-0.096010
-0.523240
-0.391662
0.644058
0.770542
-0.583586
-0.393182
0.639564
1.338981
-0.241800
-0.174524
0.887712
-0.174524
-0.401439
-0.164865
-0.414067
0.044022
-0.232835
0.058173
-0.449754
0.503150
-0.111640
0.041081
-0.474649
-0.174524
1.200616
-0.245124
-0.040947
0.877077
0.847702
-0.254910
-0.141793
-0.528457
-0.519183
1.051117
1.065434
-0.253991
-0.619109
1.253324
-0.422302
-0.834173
-0.174524
0.829507
-0.133713
-0.303671
-0.091091
-0.156415
-0.158122
-0.114650
-0.367137
-0.350159
0.080751
1.255677
-0.303340
-0.174524
-0.359960
0.919428
0.796905
0.683017
-0.299183
-0.327221
-0.271621
-0.395645
-0.316549
-0.457236
1.032493
1.050082
-0.476165
-0.004521
-0.346026
-0.223056
0.286449
-0.174524
0.665187
0.830193
1.251194
-0.174524
0.798414
-0.509921
1.343526
0.790428
0.769018
1.222924
-0.345289
-0.174524
-0.174524
0.890202
0.147560
-0.174524
-0.194724
-0.174524
1.259750
-0.223567
-0.347224
0.934684
1.108100
-1.097689
0.489473
-0.254425
0.570532
-0.254811
0.621630
-0.174223
-0.339735
-0.410162
-0.265583
-0.271830
-0.174524
-0.303154
-0.263672
0.845239
-0.632810
1.347776
0.265721
0.522368
-0.308147
-0.280156
-0.320328
-0.152502
-0.486178
1.031884
-0.695703
1.085899
-0.174524
-0.281799
1.018208
-0.218706
-0.496533
-0.174524
0.820491
-0.172065
-0.177687
0.756954
-0.174524
-0.174524
1.120430
-0.291697
0.859269
-0.409798
1.055925
-0.907430
-0.001209
0.287590
-0.036943
-0.174524
-0.512986
-0.339421
-0.174524
1.196072
-0.225888
-0.305109
-0.326609
-0.174524
-0.953400
-0.605984
-0.270502
-0.098634
0.059135
-0.212211
0.518046
-0.353213
0.391875
0.621125
-0.147450
0.850653
1.090049
0.912709
1.238192
0.023940
-0.014866
-0.242802
1.117448
1.241479
0.953503
-0.364790
-0.405939
0.776933
-0.322078
-0.415154
1.120257
0.846762
-0.279584
0.100162
0.367769
0.376611
0.175876
-0.396554
1.032833
0.154867
-0.174524
0.973731
-0.023372
-0.251151
-0.566439
0.941880
-0.834861
-0.174524
-0.551161
-0.384434
-0.016499
-0.227117
0.316889
-0.174524
-0.235363
0.878993
-0.374497
0.877167
0.244668
-0.723062
0.976035
-0.308109
0.513161
0.799076
-0.397029
-0.773407
-0.465398
-0.243563
-0.184117
-0.233507
-0.435670
-0.157991
-0.174524
0.936232
0.064039
-0.079371
0.206153
-0.366008
-0.329984
-0.637042
0.977246
0.995001
-0.081021
1.135446
0.078318
0.927350
1.050385
-0.174524
-0.059865
1.119362
-0.652265
1.000193
-0.211421
-0.174524
1.097944
0.452034
0.658530
-0.311409
-0.439898
-0.174524
-0.359143
1.082704
-0.064039
-0.260756
-0.279892
0.610814
-0.174524
-0.272088
0.710214
0.489961
-0.405344
-0.174524
0.016025
-0.021857
-0.179876
-0.212547
-0.698860
1.021695
-0.394788
-0.271849
-0.182199
0.940515
0.896702
0.168668
1.189989
-0.619916
-0.167337
-0.574324
-0.268154
1.141171
0.635755
0.701956
-0.093551
-0.503321
1.304616
1.077084
-0.174524
-0.174524
-0.338219
-0.015263
0.690212
1.379561
-0.313849
-0.376029
-0.265636
1.198292
1.188290
0.317568
-0.266019
1.155918
-0.206327
-0.207704
-0.311982
1.262211
1.124925
0.121547
0.842004
-0.130099
-0.174524
0.150252
0.954537
-0.547778
-0.174524
-0.258696
0.525547
-0.238299
0.661836
-0.252783
0.725981
-0.371850
0.848135
0.429996
1.017337
1.079113
0.665838
-0.103711
-0.502126
-0.212749
-0.174524
-0.754606
-0.230315
-0.347018
-0.359922
-0.031466
-0.252317
-0.236166
0.785360
1.211108
-0.470059
0.110234
-0.174524
-0.197966
0.907024
-0.506895
1.156465
-0.208275
-0.181307
-0.372458
-0.174524
-0.309850
1.298973
-0.174524
1.170222
-0.416853
-0.351293
-0.520394
-0.078611
-0.515047
-0.287067
-0.174524
0.886035
0.711296
0.686979
0.595453
1.361218
1.066767
-0.603497
0.843381
0.744527
-0.196992
1.312767
1.022794
1.328929
1.138068
1.010059
-0.462558
-0.174524
1.027403
-0.826485
0.629299
-0.463096
0.094300
-0.174524
-0.174524
0.192637
-0.418189
0.795526
0.352758
-0.047758
0.892357
-0.174524
0.738335
1.015981
0.409063
-0.276684
0.237430
0.925020
0.838665
0.982594
-0.174524
-0.645239
0.650811
1.393279
-0.174524
-0.187673
-0.405031
0.697825
-0.542837
0.144805
0.364238
0.306046
0.077700
-0.695237
-0.379471
0.809205
-0.391958
-1.009487
0.250622
-0.330517
-0.299545
-0.174524
-0.515882
1.293870
0.260361
1.166383
0.501751
0.599909
-0.542476
0.961252
-0.174524
-0.259245
-0.064353
-0.071165
0.335085
1.306453
-0.169712
0.875053
-0.061482
1.440184
1.095507
-0.314736
-0.650545
-0.192610
0.200889
0.949537
1.109494
-0.579659
-0.640579
0.885916
-0.242115
-0.281080
1.053156
-0.257996
-0.174524
-0.784835
-0.560410
-0.522615
-0.483660
-0.450265
0.976836
-0.240892
-0.295959
-0.027714
1.106950
-0.227037
-0.391233
-0.194794
-0.240465
0.093717
-0.459699
1.096738
1.143516
-0.435194
-0.275174
-0.182712
-0.431982
-0.334417
1.187191
0.899634
-0.351620
0.139762
0.952724
0.701321
0.290572
0.915536
1.242023
-0.284254
0.757144
-0.341095
0.825041
-0.166736
-0.237167
-0.174524
-0.407945
-0.018553
0.849199
-0.347809
-0.174524
-0.572417
-0.595651
0.986699
1.079851
-0.274316
0.933127
0.838123
0.576203
-0.174524
-0.103274
-0.264180
1.011930
0.931606
-0.368205
0.899644
-0.089081
-0.273202
-0.639028
0.254520
-0.489405
0.537735
-0.646726
-0.213647
-0.037124
0.538018
-0.288501
0.944535
-0.503837
1.099467
-0.383474
0.091771
-0.353986
-0.367590
-0.374453
-0.145389
-0.174524
1.345874
-0.383901
1.029521
-0.174524
-0.269893
-0.324968
1.232122
-0.198660
-0.174524
-0.423103
-0.160894
0.706755
0.002318
-0.192023
-0.174524
0.940949
-0.201715
0.804794
-0.457079
-0.572282
-0.401297
-0.174524
-0.402319
-0.312332
-0.436293
0.466172
-0.544036
0.144813
-0.217801
0.130929
1.198095
-0.545187
-0.174524
-0.301221
-0.280818
-0.160048
-0.338086
-0.238868
0.837224
-0.254306
-0.174524
0.327247
-0.289990
-0.198346
0.993507
-0.796476
0.953055
-0.341528
-0.334281
-0.510219
1.141443
-0.072297
-0.174524
0.514931
-0.189078
1.146082
-0.237137
-0.155440
-0.216289
-0.174524
-0.251902
-0.251300
0.068149
-0.373943
0.016512
-0.367655
-0.671587
-0.174524
-0.260815
1.396915
-0.170604
-0.371660
-0.344089
-0.174524
-0.096614
-0.096674
-0.266112
-0.174524
-0.174524
0.604877
-0.301237
-0.194867
1.526690
1.354143
-0.162067
-0.977927
-0.367829
0.979943
-0.217515
0.304969
0.295849
-0.174524
0.185787
-0.174524
-0.165433
0.508790
1.119771
-0.162437
1.134506
-0.253612
0.575998
-0.174524
-0.643174
1.017540
-0.548079
-0.164300
-0.264441
-0.462533
1.115715
0.846137
-0.174524
0.241268
-0.525888
0.732456
-0.174524
0.001872
-0.999982
0.860471
1.178282
-0.490885
0.845121
-0.981394
0.410173
1.056236
0.872781
-0.204267
-0.894751
0.038464
-0.174524
-0.174524
0.348579
0.588279
-0.381909
1.073567
1.369274
-0.204642
-0.174524
-0.182199
-0.484747
-0.160972
1.044148
0.996787
0.996939
-0.247409
-0.347045
-0.384054
1.012055
-0.558247
-0.581611
1.290219
-0.353411
0.428845
-0.174524
1.353971
1.238274
1.156075
-0.125838
-0.163988
0.733104
-0.238853
-0.546773
-0.512587
1.053120
0.984512
-0.182820
1.019578
0.021172
-0.086190
-0.174524
-0.850890
-0.163707
-0.174524
-0.288066
-0.286260
-0.095448
-0.174524
1.318416
-0.258908
-0.206129
-0.125412
0.987942
0.738121
-0.556707
-0.364982
-0.658835
1.043539
-0.174524
0.833103
0.033987
0.834326
-0.588927
1.153555
0.742632
1.006892
-0.316131
0.734074
1.198922
0.894714
1.399346
-0.549229
1.158379
-0.436658
-0.174524
-0.236253
-0.174524
0.156879
-0.548537
-0.174524
0.946954
0.122910
-0.179446
-0.072163
-0.174524
-0.196119
1.217188
-0.249971
-0.182733
-0.203342
-0.122277
-0.284657
-0.075908
-0.593528
-0.225405
-0.669841
0.801754
-0.048175
-0.345848
0.871967
-0.482844
-0.297090
1.057589
0.296374
-0.970043
1.243244
0.781931
-0.386202
-0.310574
-0.174524
-0.308584
-0.174524
1.025183
-0.407975
0.192838
-0.474277
-0.276915
1.239102
0.034418
-0.365274
0.025606
-0.174524
-0.494526
1.063093
1.333346
-0.477094
-0.227924
0.474808
-0.736914
0.799924
0.462089
-0.181420
-0.085711
-0.191733
-0.638006
-0.289601
-0.291186
-0.174524
-0.174524
-0.384823
-0.502122
-0.174524
-0.302592
-0.409873
-0.623339
-0.402430
0.975644
-0.581216
-0.435537
0.299193
-0.301201
1.144119
-0.166420
-0.018647
-0.021420
-0.222131
-0.156982
-0.238156
-0.174524
-0.366777
0.349188
0.908977
0.766338
0.978082
0.310092
-0.198663
-0.379200
0.998089
0.919291
-0.382845
-0.492908
-0.432398
-0.676130
-0.105709
-0.121631
-0.213312
0.140262
0.724820
1.254001
1.179087
-0.287783
-0.270350
-0.565659
-0.208742
-0.234356
0.182107
-0.339682
-0.296092
-0.174524
0.043326
0.509780
-0.258882
-0.174524
-0.703450
-0.360306
-0.343465
-0.238933
-0.833679
1.047633
-0.253897
0.968403
-0.217157
0.025426
0.253336
0.967060
0.252949
0.216474
0.911115
-0.285719
-0.174524
0.790211
-0.334414
-0.190167
-0.464619
0.156429
0.885763
-0.416342
0.753142
0.175976
0.020638
0.909221
0.034182
1.102045
-0.479570
-0.174524
0.569515
-0.643866
-0.174524
0.739604
0.944837
0.686395
-0.421444
-0.301813
0.089560
-0.313562
-0.226458
0.140507
-0.236896
-0.045010
-0.174524
1.100973
-0.542476
-0.356122
-0.295128
1.118733
-0.152955
-0.521992
-0.498371
-0.174524
0.964309
1.364650
-0.156583
0.677569
1.026556
0.826843
-0.266873
0.341482
1.191822
-0.245081
0.556337
-0.373270
0.836877
-0.311960
-0.174524
-0.078504
-0.259077
-0.228170
-0.328181
-0.176170
-0.318639
0.440329
-0.742808
1.154907
-0.343839
1.107718
-0.174524
0.923573
-0.321279
-0.485746
0.627226
-0.174524
-0.281640
-0.174524
-0.174524
-0.174524
1.080803
-0.122746
-0.201628
-0.174524
0.420510
-0.351068
-0.174524
1.555475
-0.179254
-0.174524
-0.125779
0.017600
-0.109308
-0.171812
-0.529274
0.367694
-0.201249
0.139496
-0.174524
0.815095
-0.478047
1.177987
-0.238956
-0.418373
0.882337
0.032512
-0.520394
0.331041
-0.174524
0.002464
-0.174524
-0.253780
-0.405568
0.877153
-0.174524
-0.026207
0.037736
1.474630
-0.321235
-0.222413
1.059448
-0.123429
-0.174524
1.199389
-0.162761
0.505561
-0.556850
0.470089
-0.222984
-0.483845
0.949737
-0.268281
-0.387073
-0.144380
-0.177915
1.075396
-0.008332
-0.297214
1.150707
-0.366961
-0.286839
-0.204193
-0.231765
0.961529
-0.174524
-0.153665
0.050432
0.956979
-0.469994
-0.733766
-0.195096
0.875056
-0.396158
0.327028
0.512063
-0.479545
-0.646576
1.045925
-0.321604
-0.197920
-0.280107
-0.358344
-0.174524
-0.651409
-0.210935
-0.276278
-0.137583
-0.480454
-0.508638
-0.525892
0.985807
-0.174524
-0.311060
-0.422571
1.122748
-0.375410
-0.484469
-0.486715
0.220648
-0.167936
0.183077
-0.174524
-0.497104
-0.035537
-0.181645
-0.263775
0.677019
0.950343
-0.275053
0.000519
-0.689097
-0.801204
-0.064353
0.984274
0.067522
-0.174524
-0.758475
-0.510506
-0.331994
0.767576
-0.264795
-0.189240
-0.602731
-0.325423
0.375545
-0.174524
-0.294156
-0.245289
-0.174524
-0.174524
-0.574511
-0.767312
-0.286814
0.062057
0.842998
0.936283
-0.420391
0.854690
-0.332778
-0.174524
-0.649617
-0.171747
0.027037
-0.494725
-1.017689
0.344353
0.802300
0.593056
-0.287990
-0.698943
-1.130574
-0.338636
0.087997
1.255963
-0.483147
0.283049
-0.522264
-0.590847
0.755914
-0.174524
0.544392
0.215833
-0.157413
0.905783
1.160099
-0.362031
0.409511
0.608194
-0.197692
-0.218166
-0.374255
0.599527
0.530139
0.673632
-0.251232
0.639872
0.861467
-0.347696
-0.379939
-0.174524
-0.328315
-0.706578
-0.474424
-0.582815
1.286362
0.634060
0.288456
-0.223567
0.956134
-0.763674
-0.379505
-0.365516
-0.594033
-0.269503
0.927415
0.817258
-0.363242
-0.265503
-0.538350
-0.732089
0.190023
-0.078201
-0.146381
-0.174524
-0.175790
1.041681
0.646870
-0.172838
-0.247600
-0.450945
-0.334740
-0.191388
-0.390996
0.971672
-0.174524
0.160347
-0.174524
0.114068
1.162137
0.426502
0.873430
0.635036
-0.301958
-0.320291
-0.452026
-0.174524
-0.216055
1.030243
1.066953
1.000615
-0.186578
0.651860
-0.174524
0.024609
-0.901733
-0.290191
0.940548
0.944806
0.939811
-0.174524
-0.890112
0.273876
0.968256
-0.645220
1.263082
-0.438044
0.761157
0.706717
-0.174524
0.358953
0.910478
-0.324289
-0.372376
-0.174524
0.474418
-0.874499
0.830339
-0.227794
-0.202769
-0.459593
-0.539104
0.153733
0.711359
0.145299
0.353861
0.881664
-0.174524
-0.272415
-0.444951
0.711318
-0.467589
0.960603
0.436669
-0.339989
-0.239137
0.768530
1.409531
-0.560710
1.314921
-0.475639
1.142257
0.985525
-0.174524
0.965304
-0.318840
-0.520786
-0.403605
-0.220775
1.190584
0.322470
-0.308619
-0.458660
0.844251
-0.174524
-0.208805
-0.266150
-0.301277
-0.174524
-0.280271
-0.734883
-0.174524
-0.495409
-0.290600
-0.174524
1.042452
0.174153
-0.356992
-0.483142
-0.304172
-0.430942
-0.344561
0.178663
-0.174524
-0.174524
-0.014747
-0.328029
-0.174524
0.090436
-0.319020
0.938735
1.101397
-0.401291
-0.342637
-0.359223
0.978055
1.292231
-0.212487
-0.268482
-0.599356
0.906144
-0.400041
-0.356607
-0.256655
-0.243996
-0.265503
1.284757
-0.417587
-0.403283
0.547546
-0.170253
-0.259840
0.461997
0.343047
-0.309606
-0.351170
-0.603429
1.234571
0.385050
-0.174524
-0.338109
0.095550
-0.299045
-0.408141
1.255089
1.179693
1.323027
-0.186313
0.516845
-0.470477
-0.246130
1.433633
-0.207824
0.226090
-0.174524
-0.307448
-0.092008
0.182173
0.864391
-0.654603
0.913833
-0.295056
-0.288879
-0.511213
-0.330815
1.318738
1.001468
-0.212273
0.900329
-0.334422
-0.317479
1.159390
-0.967297
0.023661
0.948571
0.013414
-0.429748
-0.174524
-0.211802
1.000337
-0.312332
-0.174524
-0.655881
-0.674554
-0.015791
-0.171897
-0.244476
-0.530719
0.023851
0.053907
0.898084
-0.813761
1.028974
0.434216
-0.346487
-0.177529
1.064925
0.640139
0.403999
-0.174524
-0.311604
-0.016452
-0.212211
0.754528
-0.650320
-0.049100
0.723938
1.179139
1.272692
-0.496159
1.147720
0.953307
-0.299661
-0.602893
0.402166
0.228273
0.166511
-0.364790
1.091809
-0.079795
-0.204703
-0.367342
1.183499
-0.229120
-0.722076
-0.236393
0.032528
-0.408044
-0.346117
-0.271830
0.766967
-0.766822
-0.167771
-0.305645
-0.174524
0.815003
-0.325740
-0.174524
-0.190167
-0.214651
-0.216708
1.057399
1.201148
-0.424092
-0.481700
0.676322
-0.255921
-0.174524
0.210362
-0.345654
0.189887
0.740397
-0.174524
-0.366653
-0.567467
-0.136696
-0.156776
-0.090610
-0.465083
-0.428296
0.844432
-0.174524
-0.296183
-0.460493
0.414748
1.058859
-0.665345
0.961991
0.731907
-0.215712
0.390074
0.860751
-0.308228
-0.174524
-0.330540
1.152087
0.590366
-0.128487
-0.262584
0.881615
-0.174524
-0.516822
-0.337506
1.105276
1.429815
1.122165
-0.322831
-0.464743
-0.291166
0.635428
0.859683
0.077820
0.338536
0.450282
-0.003315
0.277151
-0.174524
1.382655
1.198407
0.986923
1.174822
-0.174524
-0.225211
-0.311604
-0.128434
0.982827
0.910672
0.210855
-0.205089
0.560034
-0.237535
-0.376356
-0.560410
1.326749
-0.174524
-0.788028
-0.313849
0.634887
-0.387868
-0.174524
0.533081
-0.174524
-0.645691
1.232280
-0.303208
-0.164299
-0.397551
-0.001991
0.395871
-0.350663
0.161208
-0.436893
-0.174524
0.031128
0.406353
-0.116871
-0.235185
-0.313467
-0.332354
1.127886
-0.126658
-0.196530
-0.069108
-0.664373
-0.174524
-0.658895
0.845279
0.799815
-0.243227
-0.121358
-0.312332
-0.246204
0.583524
-0.236179
0.952724
-0.372937
-0.174524
-0.940934
0.783482
-0.606130
-0.378231
0.420399
-0.586263
0.188240
-0.174524
-0.608548
-0.174524
-0.758079
-0.704557
-0.583355
0.010579
-0.474531
-0.497829
1.348941
-0.174524
0.258683
1.068687
-0.719714
-0.003917
-0.313040
-0.118923
-0.279888
1.270679
-0.273366
-0.072380
-0.329692
-0.370592
-0.174524
-0.121073
0.204191
-0.332644
0.342519
-0.499480
0.553858
0.363644
0.194287
1.018787
0.036381
0.817974
-0.261637
0.250325
1.018378
1.035758
-0.303974
0.721949
-0.000334
-0.417950
-0.238238
-1.176650
-0.281575
1.190735
1.122850
-0.258552
-0.084515
1.021677
-0.241896
-0.530404
0.158019
-0.310611
1.147227
-0.015996
-0.189503
-0.208955
1.066705
1.576298
-0.240750
0.206453
-0.711240
0.271569
-0.368308
-0.318274
0.127078
-0.280100
0.843715
-0.805071
0.360162
-0.003962
-0.363513
-0.582196
-0.547147
-0.148509
-0.879243
-0.285745
1.039350
-0.135404
-0.443955
-0.378462
1.119258
0.542157
-0.608508
0.010973
-0.111177
-0.411702
-0.174524
-0.330524
-0.293276
-0.386262
-0.191462
0.958013
0.855388
0.165333
-0.086056
0.478563
-0.224249
0.889396
-0.505063
-0.356252
-0.273344
-0.574967
1.002620
0.232367
-0.170476
1.029965
-0.122997
1.207891
0.690636
0.300984
0.142949
-0.258712
0.648307
-0.174524
-0.174524
0.297703
-0.612117
1.328030
-0.220220
0.363708
-0.154878
-0.351265
-0.307822
0.766174
1.048528
-0.475555
-0.509389
0.320834
-0.594837
0.831863
0.443115
0.622157
-0.323839
-0.174524
0.155229
1.068102
-0.235588
-0.546516
-0.534305
-0.118095
-0.363078
-0.368545
0.175977
-0.479237
-0.240000
-0.174524
-1.007544
-0.184117
-0.407312
0.006867
0.503472
-0.356002
-0.562243
0.827523
-0.122882
-0.425185
0.821687
-0.204003
0.650629
-0.174524
-0.174524
0.714417
-0.143680
0.042619
1.118463
-0.189813
1.066604
0.998874
-0.073496
-0.819121
-0.152665
-0.003941
0.944475
0.953259
1.100770
0.265321
1.168690
-0.174524
-0.452512
0.148754
0.321153
-0.723428
-0.641693
-0.734057
-0.212211
-0.115520
0.480191
0.905575
-0.361281
0.451937
-0.351468
0.932252
-0.134399
0.308051
-0.631501
-0.515177
-0.370755
-0.130018
0.025433
0.934050
-0.635347
-0.158229
-0.185905
-0.336848
0.976643
0.521826
-0.174524
-0.174524
0.353747
0.816705
0.117748
0.826260
-0.566614
0.929630
-0.200367
-0.174524
1.055159
-0.174524
0.524175
-0.174524
0.742983
-0.480090
0.824396
0.615240
-0.235247
-0.213547
1.326739
-0.223780
0.882380
0.667951
-0.426390
0.936308
-0.174524
-0.249573
-0.219930
-0.174524
-0.449336
0.344324
-0.531540
0.181473
0.014831
-0.453363
-0.111058
1.140314
-0.174524
-0.174524
0.557942
0.920973
0.940408
0.417099
-0.207171
-0.174524
-0.174524
0.753217
-0.114495
0.097397
-0.617186
0.998335
-0.716640
-0.174524
-0.259070
-0.247864
-0.486027
-0.174524
-0.542476
-0.274664
-0.391043
-0.197461
-0.274788
-0.321559
-0.316847
-0.777606
-0.116526
1.111140
0.563333
-0.174524
1.070813
0.002329
-0.334613
1.159973
1.138190
0.065317
0.771277
-0.224888
1.567282
0.525671
-0.174524
-0.209142
-0.445182
-0.438051
-0.174524
0.018415
-0.404359
1.136858
-0.315520
-1.161612
-0.600173
0.051586
-0.380559
0.094663
0.703041
0.726821
1.071947
-0.156316
1.203804
-0.102363
-0.174524
-0.174524
-0.474561
1.056795
0.976839
-0.549307
-0.551069
-0.174524
-0.348707
-0.575993
-0.329364
-0.299418
-0.245305
-0.050577
-0.253387
-0.336250
-0.174524
-0.653041
-0.286260
0.843720
-0.198057
0.050171
-0.239060
-0.758831
-0.231555
-0.425846
-0.347953
0.792606
-0.377315
0.263294
0.119487
0.952525
-0.309349
0.129191
-0.666506
-0.244729
-0.282894
0.937154
-0.212211
0.114068
-0.200675
-0.532692
0.544326
-0.460173
0.967923
-0.619488
0.143079
-0.235869
-0.250333
-0.174524
-0.174524
-0.454048
0.175266
-0.174524
-0.391084
-0.322009
0.230565
-0.383250
1.196313
-0.415247
0.192278
-0.174524
0.778037
1.067114
1.126605
-0.305963
-0.174524
-0.509934
0.359664
-0.174524
-0.347447
1.171812
-0.629262
-0.562126
-0.639412
-0.220121
1.417590
-0.560344
-0.070326
0.256101
-0.258080
1.113049
0.272559
-0.356326
-0.465930
0.731776
-0.414646
-0.174524
1.009039
0.346602
0.604877
-0.473293
-0.648250
-0.015831
0.717913
-0.374809
0.626872
-0.288974
0.322802
0.714626
-0.238220
-0.465726
-0.359977
-0.484107
-0.257494
1.003689
0.359593
0.901320
-0.210796
-0.062961
0.526039
-0.123647
-0.174524
-0.375748
-0.435583
1.131984
0.802798
-0.432542
-0.174524
-0.344967
-0.174524
0.595879
-0.269551
0.704882
1.113338
0.906795
-0.343590
-0.424253
-0.332127
-0.475097
0.323046
-0.474933
-0.273712
-0.010895
-0.174524
0.917020
0.419350
-0.054849
1.309254
-0.110921
-0.199661
1.443894
-0.298859
0.197800
-0.725521
0.537249
-0.056059
-0.403461
0.554765
0.127733
1.177491
0.417306
-0.178998
-0.133440
-0.174524
0.143067
0.041719
-0.508970
-0.588428
1.113817
0.471981
-0.171187
-0.219470
1.087210
0.849835
1.118249
0.438445
0.129784
-0.785172
-0.698591
-0.174524
-0.269670
0.445051
1.035785
-0.313842
-0.319972
-0.200103
-0.273597
-0.221983
-0.287618
-0.673960
-0.341344
0.123758
-0.489805
-0.312332
1.141177
0.239733
0.552950
-0.047489
0.738321
1.143247
-0.211146
0.685724
-0.613204
1.217708
-0.455067
0.960716
-0.085186
1.479011
1.026938
0.643302
-0.412995
-0.052550
-0.229287
-0.350303
-0.174524
1.058653
-0.379002
0.605653
-0.174524
0.818368
-0.071180
1.150571
1.210844
-0.329720
-0.542008
0.161725
-0.334310
-0.510845
0.526309
-0.217932
-0.041357
-0.225212
0.788554
0.012706
-0.229848
1.247258
-0.381999
-0.322731
-1.119767
-0.018914
0.635485
-0.174524
-0.069227
0.257858
0.037452
-0.712374
-0.174524
-0.688584
-0.174524
-0.174524
0.164123
-0.309543
1.296806
-0.174524
0.709848
-0.037941
0.789877
0.602557
-0.594792
0.028746
-0.320036
0.576620
-0.174524
0.918410
0.881922
1.245126
-0.480577
-0.387880
-0.313826
-0.564323
0.026188
1.096988
0.588179
-0.279516
0.745340
0.907562
-0.204672
-0.534748
0.796352
1.268263
-0.219852
-0.174524
-0.174524
-0.341344
-0.311501
1.233861
0.501398
-0.341293
-0.675289
0.530918
0.585668
0.646275
0.112381
-0.333572
-0.293340
-0.111014
0.494409
0.719842
-0.615052
-0.174524
-0.230731
-0.178491
-0.216873
-0.933198
-0.174524
-0.838434
0.113040
-0.199601
0.002776
-0.209685
0.209224
0.013757
0.352598
-0.698109
-0.487140
-0.174524
-0.200843
-0.239861
1.199237
1.128714
-0.396839
-0.174524
0.682025
-0.293280
-0.274734
-0.451269
0.129549
1.071886
-0.350768
-0.090009
0.170709
1.046967
-0.261814
0.375753
-0.368763
-0.249537
-0.450758
-0.174524
-0.174698
1.336153
-0.139920
1.115510
1.299122
0.975795
-0.174524
-0.407061
0.022865
0.838987
-0.466386
-0.106225
0.041700
0.675785
-0.361730
-0.219269
0.175556
-0.201369
-0.551467
-0.188649
-0.390561
-0.841102
0.698167
-0.174524
-0.855622
-0.691303
0.750779
0.177350
-0.224818
0.262531
-0.429370
1.288287
-0.416649
1.019722
-0.092069
-0.151885
-0.160790
-0.665593
1.230120
0.883532
-0.592151
-0.235293
1.150170
0.944458
1.199530
0.590104
1.102353
0.829903
-0.526077
-0.174524
-0.272924
0.053524
0.154832
0.412233
0.258149
-0.462006
-0.256740
-0.174524
-0.406487
-0.426689
1.273640
-0.364001
-0.073009
-0.241678
-0.458955
1.238645
0.150132
-0.226827
-0.184267
-0.501369
1.000776
-0.309319
-0.201879
-0.387613
-0.355842
-0.102989
-0.390693
0.849281
-0.226919
1.262879
-0.345734
0.857745
-0.174524
-0.299926
-0.305792
1.035765
-0.641730
-0.314520
-0.433795
-0.629248
-0.575843
-0.461075
0.492998
1.222906
0.740790
1.298736
0.165616
-0.174524
1.374559
0.118475
0.056297
-0.130753
-0.040908
-0.634465
-0.174524
1.261158
1.047174
-0.252487
-0.043899
-0.398448
-0.333192
0.130358
-0.440329
0.033051
-0.310412
-0.174524
-0.412716
-0.168747
0.699012
-0.429040
0.220465
0.630494
-0.351793
-0.319469
-0.282079
-0.498661
-0.174524
1.301757
-0.334039
-0.766580
-0.174524
-0.174524
-0.174524
-0.283626
0.958939
-0.256697
-0.249088
0.069650
-0.174524
-0.601226
0.396307
-0.553112
0.277417
1.219728
-0.435972
-0.202009
1.048506
0.884325
-0.282596
-0.646220
-0.168609
-0.174524
-0.240224
0.912611
0.983860
0.072954
-0.857503
-0.569579
-0.439279
-0.360767
0.997833
-0.197802
-0.573550
0.373992
1.104846
1.059056
-0.431154
-0.440618
-0.174524
-0.490335
-0.277371
1.188661
-0.185425
-0.464167
1.046796
-0.242494
1.483078
-0.174524
-0.240950
0.567262
-0.332338
-0.415577
-0.472052
0.036106
-0.001864
1.221627
-0.174524
-0.215145
-0.456364
0.757172
0.000261
0.787574
-0.484052
-0.271200
-0.174524
-0.366752
0.087877
-0.595668
-0.174524
-0.174524
-0.283115
-0.376294
-0.308401
1.117542
-0.276263
0.644664
1.307285
-0.383446
0.096505
-0.174524
-0.002414
-0.174524
0.569951
-0.435219
-0.177999
1.096454
-0.289367
-0.376640
-0.072348
-0.364115
-0.234948
0.984030
-0.174524
0.979639
-0.300076
-0.250920
1.170144
-0.423762
-0.454391
-0.088130
-0.528989
0.790131
-0.218110
0.207181
-0.325973
0.735479
-0.174524
-0.250041
1.210518
0.925722
-1.014265
1.034591
-0.842945
-0.360765
-0.068543
1.096418
-0.361188
0.969185
-0.070391
0.685274
-0.469046
-0.187563
0.842140
0.370706
-0.174524
-0.343352
0.459291
-0.398589
-0.603021
1.085860
1.356206
-0.174524
1.293239
1.206110
-0.347941
-0.527580
-0.223735
-0.174524
-0.300736
-0.400896
0.123854
-0.435141
-0.378969
0.324759
0.777599
-0.525995
-0.875395
-0.237174
-0.377956
1.138092
-0.393420
-0.312195
0.944450
-0.015166
-0.377437
-0.217655
-0.373374
-0.174524
-0.107324
-0.230575
-0.202845
0.782039
-0.502048
0.003987
-0.174524
0.356760
-0.567275
-0.396015
0.010915
0.010278
-0.222751
-0.226282
-0.200920
0.118091
-0.318378
-0.174524
0.697745
-0.174524
1.458934
-0.174524
-0.792934
0.562498
-0.625877
0.335989
-0.956377
0.725040
-0.391162
0.882031
-0.393605
0.975704
-0.069160
-0.212211
0.041835
-0.607292
1.099554
-0.174524
-0.380801
0.900343
0.749279
-0.174116
-0.371732
1.261135
-0.706727
-0.583621
-0.437235
-0.448954
-0.099674
-0.174524
0.157910
-0.227849
0.016033
-0.174524
1.395530
-0.762617
0.052643
-0.250890
-0.422781
0.683034
-0.204601
0.167212
-0.309633
-0.342662
0.604068
-0.386631
-1.008970
-0.459218
-0.305416
1.194193
-0.187727
0.912647
-0.596495
-0.307271
-0.370083
-0.260264
-0.615526
-0.556667
0.500696
-0.403702
0.750810
-0.236885
-0.174524
-0.269232
0.957609
0.832954
-0.174524
1.177728
-0.174524
0.842635
0.335536
-0.467847
-0.300218
-0.423568
-0.364066
-0.237419
1.199059
0.569562
0.232344
-0.251931
0.095981
0.298520
0.227993
-0.229530
-0.174524
1.345984
1.247641
1.012769
-0.466771
-0.367630
1.117626
-0.385996
0.489659
0.926698
-0.530257
0.278619
-0.174524
-0.388089
-0.604111
-0.370245
-0.097791
0.558460
0.994427
1.356839
-0.324154
-0.173543
0.607474
-0.232128
0.993169
-0.379475
0.286362
0.251837
-0.593189
0.374456
-0.619632
-0.022069
-0.417632
-0.174524
0.833111
0.883677
0.644772
-0.168869
-0.772585
-0.365552
-0.630976
-0.262373
0.093989
-0.174524
-0.179944
0.937356
-0.402896
-0.316740
0.411100
0.619221
-0.018769
-0.137140
1.004593
-0.174524
0.015741
0.813538
1.006247
-0.174524
-0.174524
0.153467
-0.174524
-1.040211
0.173710
0.742105
-0.421093
-0.174524
-0.460979
1.302780
-0.114579
-0.400586
0.687464
-0.174524
-0.326023
-0.174524
0.941974
-0.464899
-0.051978
-0.032343
-0.245724
-0.174524
0.998062
0.482787
1.045523
-0.354108
-0.179764
-0.174524
0.190034
-0.265258
-0.574234
-0.360175
-0.174524
1.065095
-0.242454
1.244869
-0.486838
-0.188508
0.054056
0.015942
-0.007316
1.264504
0.647647
-0.593256
-0.426352
0.751138
-0.389577
-0.758905
-0.368466
1.037732
-0.174790
-0.359559
0.358809
1.022450
-0.187855
-0.174524
-0.299030
-0.412581
-0.640395
0.259228
-0.264508
-0.367138
-0.528641
-0.517099
1.265332
-0.323306
0.234892
1.290923
-0.452266
-0.052524
-0.216873
-0.376356
-0.174524
-0.579910
0.686077
-1.073621
0.554659
-0.580139
-0.620167
-0.174524
-0.316695
0.307117
-0.174524
-0.464576
-0.520757
-0.514537
0.798078
-0.267638
-0.952638
1.220275
-0.043513
0.353016
-0.209772
-0.204932
-0.461320
0.185748
-0.533954
1.196365
-0.601921
-0.268344
-0.246629
0.822310
-0.463050
1.126689
-0.497505
-0.221207
0.040144
0.252705
0.876484
-0.300475
-0.573788
-0.624684
-0.174524
0.295708
-0.273081
-0.430526
-0.325946
-0.281637
-0.247460
-0.074109
-0.358053
-0.174524
-0.246698
-0.028343
-0.330114
1.081401
0.078725
-0.174524
-0.235303
-0.185773
-0.174524
-0.325642
-0.210846
-0.557589
-0.308648
-0.310810
-0.174524
0.915617
1.219612
-0.496365
-0.303399
-0.505683
-0.239732
-0.364661
-0.620513
-0.312332
-0.512128
-0.281082
-0.422387
-0.596639
-0.183984
-0.174524
-0.033169
0.204893
-0.238666
-0.353009
-0.405092
-0.174524
0.080290
0.002198
0.924227
-0.235773
-0.061900
-0.561756
-0.351313
0.982047
-0.293970
-0.414370
0.656735
-0.473866
0.292798
0.245812
-0.174524
-0.326720
-0.531534
0.956536
-0.078119
-0.174524
-0.655242
1.107172
-0.366535
-0.174524
-0.419057
0.422085
-0.215581
0.728237
1.137109
-0.007466
-0.111991
0.025999
-0.189975
0.960449
-0.174524
0.949395
-0.866767
-0.413880
0.509073
-0.311564
-0.366178
-0.382785
-0.346315
-0.212211
0.825693
-0.221528
1.592531
0.896277
-0.639844
0.616264
-0.164017
-0.147106
-0.009279
-0.225648
-0.174524
-0.270343
-0.298911
-0.339153
-0.230797
-0.499480
-0.174524
0.925256
-0.575811
-0.184012
0.987332
-0.174524
-0.296377
-0.174524
1.056752
-0.396431
0.637392
-0.272721
-0.288240
-0.245276
-0.364143
-0.174524
-0.200431
0.051147
-0.308936
1.240138
-0.109405
-0.534723
-0.428559
-0.707188
0.282953
0.723891
-0.174524
-0.174524
-0.391897
-0.505375
-0.614655
-0.672089
-0.181646
0.663705
-0.412716
-0.174524
0.108025
0.070780
-0.550236
-0.585077
-0.539859
1.180211
0.041041
1.041054
0.355383
-0.174524
-0.489458
-0.323553
-0.504230
-0.312483
-0.957836
1.264859
-0.174524
0.793011
-0.337079
0.103801
0.630433
0.425448
-0.174524
0.867936
0.823833
1.070020
-0.352438
1.105194
1.157679
-0.398936
-0.477769
-0.171187
0.958132
-0.173848
-0.426147
-0.045685
-0.301447
-0.726810
0.553670
0.459028
-0.174524
-0.353754
0.757439
-0.751060
-0.247645
-0.357205
0.817843
1.334993
0.023846
-0.062448
0.514915
0.839489
-0.174524
-0.198232
-1.050714
1.419890
0.677552
1.185394
-0.887040
1.078174
-0.309826
-0.527035
0.058613
-0.174524
1.188072
-0.174524
0.384729
-0.426724
0.737060
1.115155
1.145818
-0.421876
-0.140859
-0.174367
-0.174524
-0.338393
0.532958
1.120333
0.677728
-0.313849
-0.635110
0.847645
-0.352596
-0.249486
0.861411
-0.377053
-0.315810
-0.456144
1.019408
-0.491987
-0.312358
0.967037
-0.451739
0.970267
-0.174524
0.742749
-0.174524
-0.800734
0.313541
-0.387899
-0.448012
-0.226158
-0.156317
-0.290168
-0.271213
-0.174524
-0.174524
1.227939
1.375675
0.491583
-1.303794
0.809813
1.065522
0.003526
-0.253740
-0.396969
-0.673613
-0.214527
1.520932
0.594268
-0.691018
-0.392353
-0.305232
-0.404336
-0.239404
0.826939
-0.162404
1.013590
0.385555
-0.497516
0.698717
-0.555882
-0.048909
-0.273502
0.168032
-0.238114
0.020174
-0.101708
-0.236761
-0.212588
0.494955
-0.150933
-0.264356
-0.270122
-0.279057
-0.451050
0.144076
0.139030
1.191791
-0.687309
-0.174524
-0.524704
-0.381933
0.268628
-0.408587
1.263387
-0.251575
1.023382
-0.373124
-0.174524
1.016524
-0.174524
0.026128
-0.174524
-0.326145
-0.458922
0.915155
-0.327754
-0.373233
-0.488893
0.584001
-0.199095
-0.495037
-0.174524
-0.429200
-0.174524
1.053752
-0.355335
-0.174524
-0.176806
-0.502874
-0.088409
0.132309
-0.212789
-0.586156
0.896040
-0.091348
0.836470
0.768514
-0.675398
0.620329
-0.535035
-0.372994
1.115388
-0.392116
0.130938
-0.021774
0.491088
-0.285910
-0.770848
1.195442
-0.445204
-0.174524
1.001789
-0.320942
-0.174524
1.174082
0.651448
-0.471015
-0.174524
0.350743
-0.067804
-0.119442
-0.544028
-0.135474
-0.259665
0.636284
0.971058
-0.128601
0.032204
1.230698
-0.174524
1.078976
-0.174524
-0.344606
-0.480297
-0.400324
-0.313451
-0.483796
-0.350622
-0.017830
-0.232449
0.246753
0.988296
-0.516253
-0.476397
1.293431
-0.570146
-0.168507
-0.141773
-0.174524
-0.174524
1.308169
-0.316165
-0.208835
-0.484177
-0.459508
-0.680616
1.151571
-0.279356
-0.091040
-0.174524
-0.546012
1.260643
0.078892
1.092213
-0.205551
1.174383
-0.174524
1.180173
0.790980
1.379681
0.780179
-0.293544
-0.477239
-0.603929
-0.174524
-0.174524
-0.724025
-0.040301
-0.444162
1.456852
-0.174524
-0.190513
-0.273246
-0.564959
-0.661617
-0.365782
-0.174524
-0.053205
0.763223
-0.225790
0.875750
1.222647
1.074010
-0.242030
0.186137
-0.337634
-0.205176
0.075508
-0.241609
-0.016107
0.486955
-0.396560
1.126422
-0.545931
-0.174524
0.081335
-0.133907
0.210997
-0.132750
0.947594
0.530026
0.357411
-0.391211
-0.474169
0.539243
0.873211
1.272672
-0.077078
-0.026774
-0.174524
0.855788
0.373333
-0.082142
-0.230335
-0.295265
-0.539604
0.285166
-0.211517
-0.174524
-0.208955
-0.474285
-0.174524
-0.436637
-0.224799
-0.081563
-0.176726
0.823216
1.303581
-0.037966
-0.214290
-0.278712
-0.174087
-0.245739
-0.695606
-0.622574
0.004521
-0.626197
-0.174524
0.921841
-0.381200
0.755775
-0.174524
-0.540040
-0.174524
-0.174524
0.136304
1.094068
0.973966
-0.326828
0.056695
-0.260810
-0.513150
-0.018237
-0.256304
-0.623700
-0.174524
-0.320644
0.027981
-0.174524
1.220491
-0.174524
-0.339952
-0.589502
-0.335272
-0.417418
1.168500
-0.582889
-0.413765
-0.933692
-0.236256
-0.281913
-0.269829
-0.830197
-0.299910
-0.497676
-0.477670
-0.194842
-0.318878
-0.374073
-0.176369
0.769314
-0.037973
-0.231906
-0.465114
-0.236037
-0.228043
-0.232545
0.966218
-0.174524
-0.084355
-0.318416
0.437582
-0.174524
-0.174524
0.937782
0.939321
-0.889203
1.338333
-0.159266
0.991816
-0.529003
0.845432
0.885708
-0.452167
0.854357
-1.030664
-0.117386
0.823497
-0.216055
0.711497
-0.157985
1.393635
0.272936
-0.309607
0.939125
1.070779
1.038248
-0.397968
1.087410
-0.736511
-0.581381
-0.158091
1.202712
-0.404341
0.912665
-0.279332
0.045714
-0.072400
0.345253
-0.845662
-0.287131
0.006329
0.158370
1.138761
1.030305
-0.174524
-0.174524
-0.174524
0.354498
-0.250561
1.061167
-0.114822
-0.032860
-0.262736
-0.318843
0.993145
0.850967
0.845375
-0.480949
0.898811
-0.174524
0.869930
1.014145
0.118169
-0.834536
-0.174524
-0.557998
0.848774
-0.489532
-0.174524
-0.880877
-0.407068
0.228661
0.994641
-0.635831
0.220403
-0.990481
0.240515
0.234423
-0.589645
-0.623604
-0.313928
0.914612
-0.196680
-0.174524
-0.750171
-0.136967
-0.583284
0.881205
0.054892
-0.174524
-0.252433
-0.975386
0.861301
-0.387542
0.147000
0.147939
-0.256648
-0.320938
1.222634
0.910669
1.035511
-0.442760
-0.174524
0.549795
0.299102
-0.263864
-0.174524
1.237862
-0.257340
0.689187
1.258251
0.543169
-0.774797
-0.346955
-0.262407
-0.158212
0.088085
0.549697
0.269748
-0.130274
1.140835
0.676975
0.861670
-0.091766
-0.331418
-0.714562
-0.451942
0.073992
1.205326
-0.187837
-0.255955
-0.235577
-0.237895
-0.468858
1.087790
1.398817
1.303843
0.440129
1.174307
0.627800
-0.174524
0.750917
1.046074
-0.174524
0.759526
-0.314104
0.839680
-0.719576
0.481880
-0.324817
-0.275246
-0.578158
-0.315225
-0.408941
0.984256
1.023198
1.050657
0.668180
1.092263
0.767998
1.038467
-0.234822
-0.174524
0.138755
-0.190837
-0.116973
-0.587735
0.849307
-0.145921
-0.313849
-0.489219
-0.495619
-0.002241
0.827082
-0.441272
1.063704
-0.232986
1.127909
-0.124567
-0.896992
-0.719354
0.482173
-0.166412
-0.016231
-0.535511
-0.278870
1.188388
1.073257
0.276145
-0.090384
-0.335048
-0.508153
-0.318087
0.545996
-0.183823
-0.362876
0.858519
1.112946
0.013746
-0.286546
1.270404
-0.523749
1.016828
-0.379867
-0.174524
-0.084983
-0.174524
-0.511175
-0.174524
-0.077301
1.216725
1.140289
-0.055529
-0.256439
0.775649
-0.369316
-0.455926
1.170545
-0.174524
1.016631
-0.272959
-0.374004
-0.470876
0.941804
-0.711860
0.905664
-0.516568
1.065888
-0.177787
0.672579
0.292072
-0.312332
-0.493708
-0.174524
-0.091225
0.848681
0.825104
-0.174524
-0.143915
-0.174524
-0.315277
-0.174524
-0.248061
0.046663
-0.206915
0.100815
1.146886
0.816145
-0.066412
-0.078633
-0.174524
-0.662191
-0.404805
-0.094324
-0.408242
-0.238760
-0.071452
-0.174524
-0.175573
-0.401116
1.130699
-0.174524
-0.233848
0.319933
0.255587
0.193405
0.038421
-0.174524
0.271045
-0.324794
-0.174524
-0.231628
-0.676604
0.046567
0.959727
-0.425884
0.325220
-0.529372
-0.450000
-0.363225
0.964176
-0.174524
-0.034487
0.887801
-0.174524
0.245720
-0.178690
-0.300983
-0.348826
-0.259544
-0.768519
-0.253857
-0.374047
-0.362609
-0.155233
-0.431806
-0.071839
0.134236
-0.064463
1.053186
-0.529622
-0.258261
-0.178647
-0.533145
-0.287026
-0.202046
-0.419932
-0.176170
-0.174281
-0.857125
0.804654
-0.174524
-0.212091
-0.281362
1.058562
0.982939
0.872043
-0.368318
-0.462759
-0.178392
-0.220261
-0.195059
1.052458
0.853182
-0.095569
-0.166285
-0.541341
-0.682465
-0.229359
1.002863
1.205732
-0.321318
-0.728870
-0.345123
0.346917
-0.086257
0.023926
-0.319020
0.902340
-0.155958
-0.029862
-0.119114
0.429367
-0.280541
-0.367532
-0.164086
0.615067
-0.455191
-1.074707
-0.520773
-0.209238
1.105509
-0.174524
-0.353295
0.665765
-0.001708
-0.252306
0.534510
-0.336527
-0.278455
0.552455
-0.607711
0.921436
-0.174524
-0.156308
0.163813
0.533787
-0.167235
-0.534963
-0.174524
1.014678
1.070745
-0.252010
0.960694
-0.222350
-0.095085
-0.331491
1.200793
0.398924
-0.678040
0.168817
0.524046
-0.174524
-0.284197
0.866240
-0.174524
0.631311
-0.317786
-0.031448
-0.210651
-0.260814
-0.193481
-0.697063
-0.457582
-0.211512
-0.174524
-0.461301
