-9.132895
3.565017
2.095087
2.642365
-19.786158
-2.659427
0.658577
-3.554293
2.108872
3.560824
-1.808404
-2.467905
0.805590
-0.185504
0.687841
-3.352727
-1.647029
-2.555822
1.528931
-0.186743
-1.492331
0.566725
-2.127884
50.000000
-0.185504
-2.609025
-3.000650
-1.267787
0.402500
-1.280765
0.717441
6.459331
-2.161817
0.564226
-0.970126
-3.863209
1.316497
-1.686813
3.312486
-0.831730
-6.421403
2.058925
-3.150036
2.525472
1.397422
-3.248997
-4.107224
-0.085013
-7.442631
-4.250391
-7.782055
0.712759
-1.457347
6.760966
2.223094
-0.185504
3.338330
-5.519290
-1.137242
0.770235
3.831250
-1.670534
3.220445
12.115393
2.417179
2.327569
-5.429077
1.408975
-2.041639
1.436552
-9.685543
-3.785423
0.348645
-0.167904
7.610899
3.050799
4.365156
2.203354
-0.185504
-0.358848
1.361948
4.990290
0.331913
3.359194
-0.747393
-2.014096
-4.225986
5.609150
-4.586092
5.768310
-0.185504
4.518096
-2.413034
-2.008722
7.168506
0.710815
-5.109642
-0.185504
-0.179904
-1.381685
2.867964
-0.232105
-2.208921
14.960152
2.127084
2.761903
0.279772
0.655807
-0.138335
3.483312
5.753178
8.432631
-4.270251
13.401671
-0.745545
-2.878132
5.452440
-0.621215
1.009907
5.475693
3.068730
-1.590814
-3.433389
5.723200
-3.913374
7.369636
-0.419790
3.940905
-1.700818
6.350530
5.248334
2.105177
0.506405
7.645768
13.736772
-7.525577
-5.998851
1.063538
-2.390110
-5.277314
8.733021
16.257896
4.272116
-0.185504
-20.368834
-1.233342
-3.156567
5.695992
3.925839
4.293532
4.231895
5.553641
-41.599377
-2.215547
-0.185504
6.210142
-0.185504
-0.185504
4.287960
-1.914421
-1.387342
-4.770068
-3.082672
-2.411380
3.754466
3.755191
3.927292
1.347417
-1.158134
-0.185504
8.315923
-1.180657
30.073454
5.333312
1.412326
-0.185504
14.340625
2.848379
-0.773757
-0.155124
10.438687
-2.829536
-1.254654
-2.264811
1.482976
0.728879
-1.822984
-8.729345
3.308408
1.262435
-4.068709
2.660521
-5.971828
6.056504
1.665180
-4.837623
-2.406171
-2.391400
-2.389961
0.804709
-0.185504
-0.185504
-0.912326
1.013949
-2.835427
-3.835512
0.228512
2.353813
-1.918901
5.655721
-3.136626
-4.975144
0.420555
2.958572
-1.052024
2.187596
8.792365
-0.525337
0.599892
-0.185504
-3.084883
5.833291
-1.901898
0.621962
8.736932
0.629757
-2.432308
-7.497553
3.677319
10.671787
-3.560839
-0.185504
-1.106549
5.120187
1.765581
-3.182557
-0.947260
-1.170789
10.390608
-0.167904
-2.978247
26.151312
-1.009225
-8.603350
0.660524
-1.780591
-0.762047
18.188190
0.323358
-4.303847
2.848115
-0.734506
-1.737877
-2.856097
-0.185504
-0.185504
-1.854872
5.579270
-3.241232
-0.185504
-5.358408
1.880032
-4.481237
-1.706053
-0.914569
-2.629616
7.865699
3.352740
-4.053026
-0.915526
-13.144778
4.373024
-0.185504
-1.617267
-0.763615
6.628237
4.246130
-6.559292
2.042613
0.117070
2.277391
-1.507577
1.211654
-1.899438
2.344626
-1.858228
-2.354470
3.619802
0.036489
0.222734
-3.849741
4.333535
-0.614779
-1.313024
0.355079
-3.135096
1.137221
-2.271734
-1.802621
-0.517151
3.456618
-6.381499
-8.027236
-2.993754
-0.185504
1.658169
5.359200
2.094922
-7.061118
-0.738576
-1.178258
-4.571341
5.636744
-0.850473
1.614627
-2.178069
6.451173
-1.033735
8.564021
-1.947946
3.071580
-0.185504
-12.860476
3.981766
5.373723
-0.185504
-3.339628
2.963527
5.882484
-2.147037
1.895910
-1.613923
3.495865
0.208943
4.297024
-0.838545
1.156526
-6.321527
-5.813745
-2.266638
-2.726308
-2.405055
6.607029
-3.623366
-3.415939
3.617875
-0.496212
-0.705022
5.252469
-11.438017
1.639375
-0.680853
-7.657478
-6.723531
-0.963627
-3.448451
-1.329277
0.579981
-1.831559
-1.707865
-7.565267
-2.553482
16.186468
-6.615112
-2.443824
5.423892
8.168296
5.140690
3.276146
-2.272840
3.616346
9.101776
2.204747
-0.185504
-0.790560
2.930370
-2.529044
-5.918451
-0.504995
5.562364
-1.948807
-3.193430
-50.000000
-0.167904
2.147288
4.276370
-5.527856
-2.512241
-5.790390
0.704790
-2.719575
1.155467
-0.286737
0.629623
-0.185504
4.971020
-0.167904
2.129651
-0.067605
0.055656
10.503787
5.440756
-0.167904
5.927616
-0.935346
-2.531092
0.842580
0.502310
-0.185504
-0.152106
5.089917
-0.185504
-6.960841
-1.957589
1.889594
3.282354
0.644136
2.796263
0.998804
1.018130
-2.163981
1.495209
4.948349
3.617898
3.686944
-1.109858
-1.629292
3.309583
-0.723471
-2.938888
-7.713737
0.815946
11.033604
-0.631531
-5.434808
9.353363
-0.053750
2.059355
-0.185504
3.807467
6.529263
-7.608430
-4.731346
0.834218
4.627654
7.598841
-0.741812
-0.731429
3.364024
-2.017297
-3.401231
6.645976
4.434533
-3.926452
2.920203
1.925778
-1.729990
6.886669
-0.185504
1.128774
2.316757
-0.570145
-3.120166
-2.535703
1.202239
6.288630
-0.185504
-0.185504
-0.772027
-2.920382
4.929536
1.182295
-2.189781
-1.136919
-5.972393
5.828737
-0.167904
5.483314
-0.986897
-0.406904
-4.313346
3.372739
-0.789056
3.500667
-0.185504
-0.982199
-3.408545
0.917570
2.688387
0.428099
-2.791230
3.806577
1.036752
5.395729
-0.953882
4.235681
-2.827472
1.454437
4.991340
4.609911
-3.862030
4.472883
1.921697
4.095243
8.689216
6.729629
-11.928520
-1.510438
7.070759
0.252169
1.354148
-3.991902
-1.863147
-5.722304
-2.226340
-0.669679
-4.790077
7.257011
2.838550
1.058085
10.040363
-0.167904
8.794501
-1.697717
-0.512479
-3.870581
-3.288663
-2.358356
1.513996
-1.773720
3.895890
-0.185504
-3.690284
-3.558759
-0.185504
-1.828329
3.122258
-4.770369
3.160365
0.134911
4.592574
-0.185504
-0.185504
-0.384663
-6.311592
4.181201
-4.044569
1.695871
1.448149
1.917109
7.717829
7.053689
1.285022
2.846174
-0.185504
-7.238441
1.477534
-4.221413
-5.064926
3.914103
-3.768098
-3.053496
-3.836734
0.379375
2.215608
-2.832745
-0.967100
-0.485158
-3.377530
9.314689
0.382521
-0.185504
-2.083195
-2.309712
-5.529686
0.760916
-1.229822
-1.007677
-0.167904
-6.240575
-0.185504
7.727713
2.820522
-0.185504
-0.808179
5.277046
2.457572
-1.187121
9.128569
-0.380259
-1.530702
5.129693
-0.185504
-1.117611
4.687319
0.725499
5.094512
-0.185504
-0.185504
2.559565
-7.853064
-3.682148
4.618037
3.638533
1.899617
-3.348382
8.479543
-1.163776
-12.779987
-5.160667
1.444959
0.435464
10.711198
3.783722
-9.191230
-9.255520
2.608781
1.445433
-2.330015
-13.124718
1.994268
7.714327
-1.554940
6.446708
2.545644
-1.704451
-3.159722
-2.923330
2.016060
-1.887197
-0.185504
-1.911815
7.000384
2.166859
3.166474
0.404268
2.558288
4.105113
-0.185504
-1.308737
-2.529143
4.419859
0.132163
-0.185504
-4.539349
-5.487049
-2.706475
-0.185504
2.722292
-0.333200
-0.579352
-0.018437
1.864729
-6.975029
3.614918
-0.585038
-4.060506
1.484506
16.603094
0.778563
6.113001
3.950886
-0.512797
6.905863
-0.143552
0.473712
-1.963790
4.492845
4.242697
7.059648
-2.870375
-2.468182
-3.012086
2.681888
1.224312
-7.508640
-0.588494
1.598568
-0.185504
3.492963
-1.616382
3.162509
12.912011
-4.122729
-0.185504
-0.185504
-1.584051
-0.748327
-0.007776
-2.224452
3.085411
-2.516074
-1.622242
-0.185504
-3.081166
-0.185504
4.840524
-0.305124
2.599030
-0.185504
3.294640
-0.238141
5.501423
16.881563
-1.055429
5.317716
0.781326
-2.856493
0.148910
-0.868629
3.288146
4.987070
-0.016736
-6.484551
3.407957
-1.456973
11.827431
5.483235
0.222996
5.793642
20.043127
2.275289
2.165616
-0.185504
10.437892
4.359087
-4.797243
3.656534
-3.490366
-0.185504
-3.112391
-2.608541
5.684743
0.263312
2.429671
1.968273
-2.459880
-1.482466
6.842095
-0.748411
4.535353
3.345152
2.697740
-2.540357
-1.293420
5.050993
-1.729144
-5.525916
2.606575
1.182912
5.955037
-0.185504
-3.032141
1.832004
-1.843776
-0.185504
-1.631615
2.419256
-0.314215
-0.420126
-3.295441
-2.346451
0.760604
2.957057
-0.185504
9.881688
8.841849
2.371384
-1.570388
-1.086162
1.157064
-4.629695
2.611150
1.212902
-8.091805
0.352439
-3.862250
-3.075495
5.810631
-0.458175
1.562669
3.245393
-5.330421
-3.674762
1.150967
-0.185504
2.897921
-2.855523
-2.160064
-0.076132
1.385736
-2.738587
-3.595629
0.069312
2.780145
-1.488836
5.818283
3.900331
3.253376
1.188313
0.947242
1.307029
2.834214
5.150639
-0.185504
-3.306180
-0.715967
6.290043
0.956357
-0.608146
0.333321
3.852538
-0.669676
-4.287553
-1.325106
-10.499414
1.229064
4.294087
-7.701890
-0.693519
-3.215599
2.270627
-0.516543
3.412799
6.140753
-0.185504
-0.769803
5.425929
2.726277
-7.626321
4.916032
3.987039
25.994114
-3.642575
-0.185504
3.118047
-3.154220
2.360867
-0.470395
-0.373601
5.421741
-11.542686
-0.185504
-5.193170
2.739897
-5.184359
-5.099329
-4.245817
-3.349445
-2.862879
3.894703
-7.789637
4.902208
-0.016677
-5.524323
5.671807
-4.556448
-1.837785
-4.929978
-0.721933
2.804592
-0.185504
16.589008
1.644046
4.008132
-0.185504
-2.174359
-0.145841
-3.542904
0.220157
1.320694
2.542351
-6.259916
-0.185504
-2.895979
0.259926
-0.079708
-0.185504
-7.383281
7.393948
11.291173
-2.897867
3.203068
-0.836106
3.109390
-4.616872
3.223886
-3.842105
-2.617260
-1.141042
3.562463
0.180342
2.487047
1.239966
4.773992
6.057220
2.798060
2.697403
2.811778
-4.266878
5.781199
7.100538
-0.185504
-19.985674
-0.302655
-1.251140
-0.082903
-2.644711
-0.185504
-0.884835
-0.167904
3.035667
0.055283
-5.686225
-2.060209
1.661387
5.636130
3.864802
-0.650748
3.421446
6.374707
3.484521
5.304275
-4.256330
2.845227
1.868808
-5.633127
2.978421
15.812496
10.737930
-6.330917
9.280419
8.134470
-0.185504
-0.185504
0.269851
-12.401299
2.628023
2.999966
2.824278
0.979820
-0.318098
-1.786956
3.085847
3.431590
3.862512
5.799378
-0.185504
3.559197
-2.253151
8.745003
3.369935
5.023921
17.156574
4.255150
-4.085604
2.883731
-0.468307
3.543501
5.049489
1.212944
1.437786
0.625633
6.258491
-0.761592
-2.744710
17.501734
-0.185504
-3.088475
-0.124199
-0.185504
-0.185504
4.581764
1.353801
-1.766318
-1.985272
-10.502751
5.432760
-0.185504
3.257715
-0.185504
-1.964972
-5.265569
6.384637
-15.258404
-5.941300
-25.801432
9.051825
11.782481
-0.216231
-0.185504
6.229181
-0.871700
-0.282237
0.922892
5.447174
-3.404948
-0.732686
-0.899479
-0.421012
5.975020
2.610824
10.949387
-0.178972
-14.560990
2.929517
7.223722
0.571394
2.573317
6.983689
-1.555704
4.183924
-2.743512
2.113204
-0.053554
-10.506663
-6.363854
-7.934159
-0.299924
-0.171455
-4.100230
-1.509018
-12.420473
1.918772
-5.849596
9.119746
2.320401
6.800163
-3.729270
-2.019110
-2.855336
5.777883
2.975778
-2.597070
7.169108
-3.151991
3.188057
-0.800942
-1.629177
4.646153
-0.185504
-3.426185
-2.937455
3.878502
4.248808
-0.185504
4.427890
-5.288689
-2.706391
3.254771
-0.167904
-0.185504
4.575507
1.651570
7.234813
-1.888329
-0.751722
-0.171481
-1.747163
3.777594
-2.637470
7.290005
2.478607
-2.710658
7.587035
-1.592245
-9.825311
3.158419
-3.618287
-1.709704
-4.021614
-2.403300
-0.185504
7.360310
6.522979
2.772804
-3.607089
6.466223
-4.034898
-7.270390
4.347170
-0.240383
-0.909301
-2.136154
-2.441621
1.434298
-1.128876
9.136740
4.899449
3.675539
-1.785746
2.732495
1.909086
7.324734
3.469822
-5.138122
-1.158858
0.934326
10.152800
11.412391
-5.703491
18.112986
4.195929
-3.254672
3.355609
-0.185504
-1.344176
4.387474
4.080799
-0.185504
3.042359
3.313075
-3.201106
2.579812
-4.545640
-4.966547
-0.185504
2.250191
6.325523
-0.911011
-0.167904
1.448132
4.532749
0.186192
13.426494
-6.094615
-6.119600
-1.720480
-2.391551
-1.449687
3.800243
-2.005235
6.066617
-2.056091
-2.874121
5.154156
-1.093621
-2.413303
3.551041
3.194473
-2.603353
3.789082
2.444323
-0.333183
-1.214536
-1.492819
-3.764780
-0.771326
-5.445468
3.346376
-5.185647
7.994139
-1.725380
3.317823
0.444919
-0.185504
-1.326317
-0.411622
-2.866495
-0.800957
1.583766
3.414610
-6.560765
-5.006340
3.400880
0.274769
-4.762041
-1.684342
-7.484065
-3.538493
3.557102
4.270368
4.163921
1.758995
-0.674938
1.223591
3.198776
0.938521
-7.800710
-0.185504
0.938999
-0.185504
2.643501
1.987875
8.344432
-0.472032
-0.519236
3.424249
-8.771733
3.300172
0.476911
3.662834
-1.064370
-3.338717
4.446278
-1.307851
1.697962
4.979180
-0.185504
-0.185504
2.310565
7.454028
-3.454580
-4.296520
-1.249092
-1.333557
2.280401
10.506749
0.417952
0.698051
3.026433
-3.240024
-0.891687
-0.185504
-0.735669
-5.604991
-2.757805
1.272003
-3.857856
8.202929
2.639945
0.720647
-8.179719
-0.185504
3.903966
2.232041
-0.317938
-4.730832
-0.185504
-1.516734
4.386965
0.626849
-19.846470
-3.507365
3.399365
-8.043887
-3.695691
-1.498436
-1.919683
-0.339460
0.405796
-9.496031
0.705427
17.003834
-2.909363
-3.035289
-4.957190
-0.185504
2.127190
7.234167
-0.185504
-5.792827
2.648728
3.707028
-0.167904
-1.708347
-1.659254
-5.509882
-8.976681
-6.852900
-5.758216
6.019788
-0.564981
-1.863147
-7.947154
-1.972274
-1.831898
-6.298405
5.141612
4.673972
5.826061
-0.309759
-7.368281
1.704153
9.092040
3.825281
0.064061
5.226524
3.390078
1.164201
-0.185504
0.575842
-4.152436
3.963813
0.747101
-3.508072
4.332793
7.668141
-3.138921
-0.364407
-1.153542
4.239577
-0.185504
-4.271016
-10.328958
-2.333519
-2.972124
13.626486
-1.233342
3.264523
-0.185504
6.486544
-5.352691
-3.264886
-0.185504
-0.185504
-2.336884
-1.011057
9.133362
1.133653
5.734304
3.515660
2.007702
-3.312018
-0.185504
-2.242428
-7.913935
-0.167904
-0.185504
-0.227697
3.862044
5.782345
5.463464
-1.444270
3.752234
-1.055683
-0.185504
-0.185504
4.432820
-1.568432
-3.675657
3.353067
12.236389
-5.156446
-0.185504
-0.996460
5.270760
-0.919462
7.296201
4.039270
-8.257987
-0.412755
-2.665704
-2.688385
-3.174713
1.487017
-6.747225
7.317122
1.148577
-0.258691
-9.905904
-0.406724
-7.517551
-2.788621
12.430750
-2.857925
3.223930
-2.036318
-3.919463
-0.073926
7.350566
1.883000
-0.652186
0.210549
-0.980490
1.191224
-0.309908
5.469837
-3.306180
1.625719
-43.681332
1.953589
-0.185504
-1.111951
0.280258
8.887576
-2.037398
9.214917
3.521884
-3.875903
6.215539
-0.680853
2.127463
2.582507
2.527969
-2.573778
6.567828
-1.282906
-6.472034
-1.134645
4.148000
-2.242506
8.040411
-9.743496
2.043931
1.577823
-8.224453
3.623458
3.686925
-2.825547
1.931995
2.514488
1.339702
2.647271
3.372803
0.279810
9.603376
3.087869
-2.952758
3.657158
-0.185504
-2.209006
-2.754974
0.333515
-0.185504
-2.460984
0.922937
-0.259464
34.535362
-2.848466
4.382721
-1.383515
-6.301371
10.591909
-0.185504
3.384512
0.970867
3.616716
8.173360
-2.376159
-0.086880
-5.724785
-1.298749
-0.185504
-0.370880
4.974175
-0.575848
-5.180382
3.564642
-1.806192
5.100030
3.283743
-0.964066
-3.082555
2.095527
1.150307
1.584463
2.205941
-0.167904
-0.185504
0.058141
0.894871
-2.513881
-4.923300
-3.776693
7.464035
-0.185504
13.344790
-2.860691
-1.220976
0.147309
-3.143631
-0.185504
-0.185504
-0.728531
-0.816701
6.002157
2.829359
0.544846
-0.718093
-4.634902
-6.126016
-4.194906
-0.185504
-0.897417
-1.458681
3.576809
-0.809596
3.920657
-1.212706
-0.963700
-0.185504
-0.185504
7.144238
-2.242499
-0.357595
-0.392866
-6.322185
4.413746
0.131525
0.956123
3.231728
-3.048435
-1.945637
12.105542
-2.155258
-2.129575
-8.331046
6.544355
2.178661
-1.852957
0.110408
-1.684240
0.640960
-2.750255
-0.185504
0.963307
8.740803
-2.462735
-0.497611
-1.567598
0.124625
-2.043232
3.501587
0.970777
2.394690
1.406369
-2.611250
4.201840
4.646969
-3.243172
-0.185504
-1.453840
-2.096802
-1.298426
-3.589477
-2.621328
-1.843513
-0.655392
-2.445921
-1.164704
0.377696
-6.534148
-2.440263
0.678233
-2.012131
-1.827066
3.706111
3.723521
0.481839
5.509118
5.508735
-2.433263
0.191113
6.735021
-5.353610
3.325858
4.737320
-2.870370
-0.008929
4.524638
4.564638
2.209305
-3.085737
-1.630005
4.916825
-6.300569
-14.716585
-0.426898
1.719205
4.637243
-1.833831
-0.185504
5.455742
13.723292
-0.185504
6.407718
0.649566
-2.037958
0.611162
-0.185504
-0.185504
-3.514756
-6.764073
3.009952
-2.883050
-8.078606
-0.185504
-1.474438
5.529372
-0.580911
-0.185504
-3.035129
-1.964270
-0.609564
-2.097163
8.395688
-6.665265
-0.687980
-0.370684
-3.209761
6.670931
-1.047023
-8.637948
-3.145139
-0.662901
-0.254955
3.906178
-5.924392
4.055804
-0.209329
-5.273067
-0.293656
-6.034981
-1.364618
3.179382
-0.343617
3.482631
-0.201492
3.463946
-1.219869
5.264988
-0.185504
-3.546671
7.025393
-25.879406
19.808134
1.620873
3.804744
7.624220
-3.329246
-0.207950
24.259449
1.475861
-1.254718
5.543310
3.891724
-0.592310
14.034372
1.372039
-0.940823
8.324493
-2.391314
2.054120
0.414964
-0.666332
-2.514995
4.161376
7.142524
6.912054
2.839070
-2.622356
3.195507
-14.485910
-3.408877
-3.747370
12.266755
-4.264730
-7.019728
-0.167904
1.399457
2.385358
-2.238382
-0.185504
-0.045750
0.781497
-0.974956
-5.811106
2.180067
2.892328
-0.185504
0.000146
6.268921
-0.185504
-1.395808
-0.185504
-3.044411
-3.263908
-4.888615
6.364805
-1.441292
-1.215979
0.951488
37.202892
2.297179
-0.977979
3.898605
2.172830
2.734801
-3.435474
-2.741410
-0.185504
-0.427445
-0.722930
21.428350
-9.831489
1.821028
0.852637
1.871854
5.172742
-5.850296
-2.073657
-4.355638
-0.192480
-0.167904
3.564329
-0.185504
5.678548
-4.938667
1.643006
7.701542
-3.293279
-4.159367
7.544353
-2.926699
-2.173140
-3.088639
-1.918009
0.602227
-0.304573
0.892855
4.504398
4.204093
0.980850
0.796953
-4.200861
3.361228
3.591526
-2.440568
-4.285119
-1.543403
-1.118372
1.400389
3.545739
-0.762374
-4.519087
-1.215357
1.147343
1.959503
-1.787327
-2.445013
-2.875820
-0.185504
1.737119
1.908793
7.647148
7.207803
2.142069
-4.661344
0.760790
-0.249213
-2.749575
-0.185504
-5.519372
0.184081
-0.824320
-0.185504
4.975851
7.087592
2.485532
-0.185504
-0.915489
-0.185504
3.091758
-0.588062
1.539866
-2.004913
0.197424
3.542053
-0.185504
-7.937677
-0.528160
-0.167904
-1.044427
-16.165028
4.386570
-1.576071
-2.514091
2.613101
-1.848805
4.374322
-4.129609
0.433641
-0.185504
0.090168
3.001089
-2.995735
-2.359835
4.688606
1.877119
11.021995
3.137068
9.349411
-2.308878
5.170777
-11.543595
-0.515289
8.657841
11.754892
5.966946
8.112054
-0.185504
4.654839
1.535147
4.726638
-1.009168
0.885959
-2.308250
-6.596525
0.150374
-3.549804
-2.946546
-4.215532
3.412108
-0.776466
3.570163
1.037241
-5.050936
3.282881
5.800697
-11.487884
1.909214
3.371546
10.161397
-3.005356
9.431332
-3.725903
-3.197491
-0.185504
3.814187
3.614817
5.026546
-1.042628
-0.591603
1.703560
8.984732
1.553725
-3.967689
-4.426981
-2.313728
-0.185504
-0.978974
2.804835
3.613750
-3.520325
-0.680853
4.941164
-2.050940
0.215870
-17.108427
1.435396
-3.389607
-10.061296
-0.185504
2.739848
7.856199
2.888073
3.766370
-5.605568
-3.727397
5.530115
9.607898
8.501520
4.420303
7.263478
1.148778
-4.311237
-2.587510
-0.498489
0.008926
10.110053
6.181654
3.257412
-3.917208
0.246043
-4.462502
5.773201
-8.859823
3.065747
10.176782
-1.550943
1.852061
4.003494
7.442173
0.980043
1.382631
10.164728
2.670238
-1.088554
-0.185504
-0.261236
-4.780725
-3.826694
4.146033
3.128654
-4.720577
-0.185504
-0.282719
-0.282562
-1.505084
0.154793
-1.862736
-5.309973
8.991302
4.779644
-2.794666
-0.185504
-2.981828
-0.082903
7.057648
-7.152687
-0.185504
2.446118
3.867135
2.127634
-0.811806
3.469428
-1.098382
-0.185504
-0.185504
-0.140727
-2.002046
3.104804
-0.185504
-2.961791
1.965351
-2.047990
-0.106438
-0.185504
4.554349
-3.309323
7.061629
2.307435
3.179188
-1.892825
-7.005030
-3.371922
5.604094
0.072574
-1.658575
-1.216225
-4.413619
-2.504569
0.706346
-2.293697
-4.031848
-3.689692
2.351173
5.028305
6.283329
3.667176
-4.113592
-0.526285
3.504122
-5.777694
5.292470
2.805733
-3.670774
-5.649032
-2.077250
-0.185504
-4.650871
-1.005157
3.394429
10.394440
3.151451
6.553161
-5.536803
-5.095458
-1.091521
3.706813
-1.528594
-1.915892
3.567714
3.396000
-0.151475
-0.339460
6.268401
1.469255
7.712707
-3.342495
2.026725
-0.185504
-3.639376
-1.310023
-1.119895
0.573108
-1.100646
-2.452455
-0.166175
-0.185504
3.749412
7.070009
-14.816326
2.293171
-1.486108
4.833632
-0.296788
-1.642711
2.321036
2.081507
7.330035
-0.239850
1.192845
3.121439
8.533112
5.425941
0.408813
-2.518215
-0.185504
5.019031
-0.097030
-0.185504
4.404698
5.208527
1.293722
-13.545029
-2.148934
6.281742
-0.146212
6.152596
-3.952997
-6.722527
-2.376530
4.718461
1.639521
1.814270
27.557598
-0.185504
0.427897
-2.379944
-0.185504
3.217651
2.852254
7.038723
-0.481750
1.845270
-1.745134
27.965879
-3.231600
-0.800330
3.174256
-7.117371
5.085189
-3.114969
1.713606
-0.577699
-4.873098
3.848524
-2.793380
-2.920194
3.557259
6.806331
-2.162400
6.033445
-1.279373
-1.334438
2.991329
-20.712711
-0.060073
-2.969784
-2.692579
12.095588
-6.352751
2.994566
-2.989077
-8.256519
5.314568
3.166585
-1.196923
-1.642901
14.570348
-0.185504
2.138155
1.871405
-1.496726
10.657401
-8.599392
-5.425700
-2.726632
-1.572887
6.719269
3.999350
1.977589
-0.063521
-7.151514
-1.381516
11.165607
-4.904744
-4.720084
0.164571
-1.676520
-2.544053
-0.979712
-2.313159
-0.959347
0.994043
-0.185504
-1.374382
3.084090
-2.290808
-2.747081
7.314340
-1.616043
-0.185504
4.232459
-1.944574
3.437647
2.704123
-6.215873
5.397564
-6.412819
-7.938192
-6.694640
4.810659
2.838982
1.831903
2.132516
3.398183
-2.841881
2.054008
-3.175295
2.998424
-0.737297
-7.040325
1.956646
6.034574
6.050243
-2.873815
16.019638
4.652680
3.366935
2.908441
11.966791
-1.862854
-1.707309
-7.473001
-4.655026
-2.872452
0.064467
5.410947
40.444637
0.343612
-0.698949
-1.529626
-4.451848
-4.278265
-0.235730
-2.279245
7.181206
0.760319
10.120802
-4.520581
-0.185504
10.478138
1.471759
2.556257
-0.185504
-0.185504
-2.434489
-5.619158
-1.639229
-3.871485
-1.724897
1.795319
0.821938
7.004590
34.916805
-2.050896
-2.383789
0.229479
-4.852007
-0.185504
-0.185504
-15.963923
2.052395
-0.777208
-4.269347
5.328835
0.457550
-0.185504
2.170545
2.751641
1.810426
-2.545354
-2.128676
0.356757
2.649516
1.192898
-1.599708
2.963763
3.206975
6.098144
2.749866
3.662019
0.945670
0.859882
3.982345
3.232858
-0.300312
5.345696
-0.185504
-0.185504
-0.979530
-1.383737
-0.185504
0.520172
1.945635
-4.385487
-0.185504
9.238116
0.621510
-1.110131
0.205598
1.421617
-1.193357
-0.529447
1.729496
2.454728
3.862732
5.811555
-0.143531
-0.799030
-2.827815
-2.811431
-0.185504
2.283352
4.219200
9.236179
2.739320
-1.903047
-0.151264
2.336330
-16.442188
1.730682
5.122031
-0.748327
5.014614
-5.542922
-3.696160
7.385916
-2.982858
-0.652089
2.603788
2.682236
1.387581
2.998964
10.876431
-2.022576
4.374810
-1.043730
3.271492
4.964414
-6.234468
-0.789904
3.100662
0.731255
10.747193
3.171168
-2.528395
-0.980243
5.036994
-1.113041
2.782689
-4.333287
1.656244
-1.665722
-0.185504
4.658130
-0.740511
-3.877872
-0.185504
-0.185504
2.068280
-2.336688
-0.185504
-6.743425
-0.167904
8.372370
2.381022
-1.834222
-5.835848
-0.564309
-2.972660
3.844919
-1.782320
1.478548
6.880712
-2.924660
5.573793
-2.361986
0.454325
-0.088274
-0.205644
4.569838
5.247109
-3.260076
1.282719
2.206034
9.437838
-0.185504
-4.468681
-1.774169
3.435871
3.011969
-8.113295
1.993015
2.268967
-0.858314
-1.316320
1.639364
6.067303
-4.309414
-2.951089
3.828292
-0.185504
-2.049098
5.894088
-2.270344
4.903407
0.666034
3.650069
-5.167210
4.390887
-0.185504
-0.167904
-3.933857
-3.518612
-1.843463
-1.267741
-0.167904
7.574481
-2.278199
1.857846
2.314952
-16.957170
5.465646
-2.049683
-4.325019
-1.357265
-0.702349
-1.605260
-7.691268
3.118531
-2.411633
-5.581574
-3.832850
-2.539340
4.382740
4.701848
-0.185504
-2.404841
-0.906738
-0.309170
3.880021
-2.320453
-4.261050
2.040308
0.701145
-1.925242
6.413729
-0.827104
-0.369175
-5.247979
17.559256
2.909225
-0.185504
3.519946
2.300623
-0.685371
-0.185504
-4.907371
4.446108
0.124922
-4.306391
-2.603827
2.472914
5.909974
-2.339105
5.816390
-1.764826
-2.673998
0.846102
5.537761
4.873087
-5.307278
3.279254
-0.526381
3.641938
0.093166
-3.076887
7.523548
-0.635648
1.651456
-1.607907
10.025422
4.133225
0.060271
-1.654678
-1.303525
7.364293
1.808913
-0.185504
4.115179
3.212310
-0.577358
-4.519398
-0.185504
-2.500585
-0.367014
-2.844207
-4.225011
5.749992
-1.478087
-1.492251
0.241567
-0.185504
-1.314378
-2.060890
-2.646508
-2.852595
1.882361
1.382483
-0.185504
-0.719252
-0.493229
21.717733
-0.872955
-0.185504
1.778219
-2.518327
-1.050043
5.813150
-0.185504
-3.486450
-1.158134
-0.702334
-3.643041
-2.464259
6.051116
9.678517
-2.243258
-0.294803
3.978755
12.303107
6.256914
9.742514
2.059503
6.612639
-0.653266
1.556961
3.502281
-0.452993
-0.185504
-1.150366
-2.323649
-4.253317
-2.140507
-0.910575
-1.555791
-0.185504
-0.185504
-0.779993
-0.915489
-0.185504
-0.185504
-1.495272
-1.159798
-0.185504
2.640633
-2.762980
-1.639419
-1.258866
-2.623591
-4.608509
0.876444
3.936590
4.342440
8.256519
1.862426
2.323753
-0.999409
5.782574
20.147171
1.904833
-8.851101
-3.564463
2.231559
-0.185504
3.835079
2.620267
-3.253935
-2.836319
-0.096468
5.153501
5.275389
3.655252
-0.572343
-3.096088
1.321833
-3.084836
5.814025
-3.946905
2.787907
-3.126471
5.094779
-2.168607
-0.185504
1.076631
0.710037
3.324249
-0.543480
1.374368
-1.187298
5.324722
-0.677849
6.533555
0.025143
-2.416889
1.441537
-1.037415
-0.185504
-0.068535
3.497686
-12.186105
-0.185504
3.280667
3.566218
26.078747
0.673013
-1.477150
1.829457
-2.032036
-0.185504
-1.144571
2.077851
2.731556
-1.044315
4.227931
6.096897
-0.185504
-4.533008
5.265165
10.747488
-1.603179
6.858477
6.600850
-6.324530
-0.512797
-0.163175
3.028021
0.185297
-29.677835
1.917946
-6.313654
-1.093379
2.240290
-3.954185
-2.139120
5.164443
-3.494049
-2.542588
-4.857634
2.221374
-2.291924
-1.238271
4.516901
-3.534944
0.274986
-3.449705
-1.224637
-3.321525
-2.945565
1.609191
-0.185504
-0.534005
-2.318377
7.750146
3.165128
1.395150
-0.185504
2.994024
-2.185919
0.671911
8.021083
-1.952068
2.848204
11.900277
-2.432753
-0.724307
5.546986
4.562462
-2.418345
3.920337
2.568485
-4.261508
-0.185504
-4.489851
1.947953
0.477810
-3.630916
-8.922215
-2.314996
-2.048222
-0.185504
6.445053
6.193346
-2.854329
-0.969056
2.896514
-2.655751
1.126223
-21.129858
2.493643
4.265055
-15.018608
-2.294374
-0.185504
1.101836
-8.320498
-5.046780
-2.882854
1.508733
1.478513
8.243711
-2.415824
-6.101076
-4.008501
-5.054638
5.617557
4.043135
-0.185504
4.974999
-6.122886
-0.185504
8.393702
-5.218388
-2.013252
8.090475
6.069909
-0.401301
-1.009225
-2.075904
-2.519053
0.358554
-2.064683
0.517791
2.038296
-1.214881
-5.674668
-2.152246
2.483155
2.726154
-4.362369
28.515429
-3.135390
-0.185504
4.002901
4.292219
-7.398374
-1.347601
2.990112
-0.522856
-3.054927
-3.345994
5.132941
-3.866582
-1.436151
-0.165602
1.715681
-0.706892
2.443837
-0.185504
10.988697
0.210422
-4.397675
-2.282544
-40.530636
2.971961
-0.320854
-1.408838
0.397901
2.721490
9.062744
3.251223
-4.969293
3.090445
5.235619
-0.458175
-0.862613
1.412645
0.526197
2.312067
3.167515
-0.471109
-1.414729
3.640975
3.874570
-0.179904
-0.411665
-1.984903
-3.465423
1.402799
2.971410
-2.179923
3.249344
-0.185504
1.484059
10.242138
-0.955707
-5.221927
1.778216
-0.185504
-0.185504
-2.331274
4.867743
2.583045
2.394445
-1.361566
-1.401555
-0.420654
2.436361
3.358450
-0.185504
-5.504162
-7.237941
-5.764802
-4.334555
0.978395
-0.539822
2.560007
3.344897
-3.998632
-1.672366
5.887172
4.471900
-0.185504
2.493081
-3.813785
-0.997580
-0.338305
15.358788
1.755983
4.065590
3.737652
-0.185504
-1.683119
0.483519
3.437682
-1.330198
1.867663
8.553949
5.193908
-4.605223
-4.056972
-0.403388
-0.185504
-3.735964
-0.185504
8.237035
1.886128
-7.243296
5.256085
1.597212
3.117372
1.180628
-1.863147
-1.704451
-0.252488
6.607114
-0.318762
7.143311
6.780077
4.984650
3.579917
-5.837626
1.831009
2.059034
-5.546252
-0.160828
4.424664
-1.989823
-1.968985
-0.762735
-0.349340
2.381003
3.638362
3.180022
-3.198823
3.064420
-1.915413
-0.185504
-3.394398
-0.185504
-3.379692
7.206001
2.437687
0.442424
-1.274717
-1.899200
0.445080
2.731365
-2.741870
-2.200920
0.212092
3.409460
-1.809720
4.685899
6.850852
-2.827489
-0.185504
-2.670743
2.119866
-1.176513
5.434026
0.756339
-7.177486
1.042765
2.020774
5.207309
2.446701
-3.726454
1.933653
7.035045
-2.452685
-3.634529
-2.143245
3.492019
1.435327
-2.376386
1.796525
2.451593
-9.545812
4.050152
-0.491241
4.054308
-1.070397
-2.629334
-0.541725
-1.083622
-1.676333
-2.037915
-1.267965
3.236333
-0.185504
-0.185504
2.286711
-1.060351
-2.093064
0.263242
-3.574065
-5.160802
2.769733
4.886264
-2.492326
11.698739
6.279941
-2.735476
3.009828
0.915234
3.663878
-0.185504
-0.185504
5.437755
0.457462
-2.794697
14.931779
9.812363
2.593385
0.142444
-0.185504
-0.185504
4.206923
-1.815572
-1.995576
-1.009225
34.097401
-3.397884
0.881585
2.946735
3.064160
3.589560
-0.185504
3.522214
-32.922855
0.296262
2.660432
-2.650094
2.965532
4.337607
-2.512545
-0.811471
1.202379
8.451090
2.974584
5.486578
3.688081
-0.185504
-2.282382
-2.199453
20.625103
-4.764578
-3.364036
-0.750335
-7.388488
6.765169
-6.509909
1.694789
-0.185504
-2.023306
-2.157575
1.253870
-2.213016
-2.460553
2.908270
-3.316366
6.956578
-0.185504
-9.697666
-2.965544
0.298672
-4.689784
2.494820
-2.316818
-2.959458
2.494152
-2.953159
-0.437709
-4.301838
-0.185504
-0.754768
1.664898
0.147648
-3.760451
-5.477139
-3.342271
2.268910
-2.464607
-0.148831
-5.881412
-0.855114
-0.185504
4.152213
-0.729433
-0.142425
-0.185504
-1.401073
-1.813273
1.747455
4.930288
2.355629
1.774827
-2.364936
-0.185504
-0.285338
-0.185504
-0.169888
-0.185504
-3.824258
0.121048
-3.195085
1.967082
2.556221
-0.567102
-10.235556
-2.175647
-1.584413
1.467558
-1.751974
-6.773775
-2.660516
-5.207946
-1.168880
-1.329139
-4.001630
-1.303516
-1.761343
4.705947
-0.438122
-1.375169
3.921644
-0.482343
-1.541281
7.083426
-4.995866
-0.167904
-5.026001
-2.713931
9.659408
-0.643136
-2.305967
-0.439967
-2.384554
-1.272654
2.888456
4.863263
2.608631
7.366422
-1.681563
2.583521
1.063538
-1.775477
-2.828207
2.724874
-2.342248
-2.824283
4.705655
3.617045
1.597059
-3.252181
-2.790314
2.209814
3.366006
-0.057832
1.906114
-0.185504
-5.090034
4.391421
-0.185504
-1.413361
-2.968225
-2.542474
-1.552402
-1.459501
-2.278173
-4.754032
-2.158006
-0.185504
1.443622
-3.841408
-1.892207
-0.185504
-0.664747
-1.204926
-0.760278
0.728350
-3.649222
1.958949
3.465658
-8.280713
4.373640
-1.140714
-2.356479
-28.458960
-1.906772
3.088526
2.798110
-0.185504
-10.401438
-9.087356
0.170555
-0.185504
-1.788030
-2.023480
1.720299
-1.876512
-1.327913
1.769380
-2.771848
-8.090230
-2.114353
3.540553
2.864711
-1.678642
-0.185504
6.172066
11.055120
2.230570
-0.597936
6.106204
9.366533
0.826359
1.033462
-5.403777
-2.594973
-1.104338
3.634799
-2.710931
17.326065
3.791217
3.020367
-1.193070
6.133560
0.357706
-1.046632
1.963399
-2.732081
-2.216406
-5.311628
-0.185504
2.722646
-0.185504
4.590894
4.285748
-1.976485
0.657230
-5.456161
-1.765022
3.900951
3.341726
-1.297539
-2.305330
4.637021
0.267890
9.783929
-0.185504
3.880727
4.362617
2.701061
-5.330921
7.573411
3.161716
8.380526
-0.185504
3.745283
1.638494
6.297611
1.921749
0.837400
-0.255289
-0.185504
-0.185504
1.108217
4.828894
-4.508705
-2.382817
-4.441326
1.339045
-1.818346
-0.185504
-1.687045
-0.461270
7.114376
-2.124315
-0.854728
7.229227
3.236229
10.366472
-1.233342
1.625657
0.410134
5.505037
-2.064500
-4.249558
-1.608123
-0.256869
-12.077292
-1.560223
-0.169428
0.866554
-2.271105
-5.464474
-1.243166
1.264972
-0.018437
7.325353
-3.185564
12.327425
2.146323
-4.296235
4.140440
-0.185504
-0.156376
50.000000
-6.071861
-0.185504
-7.009093
5.376414
-4.328727
-1.106436
0.889683
7.307900
-2.722194
-0.185504
1.803812
-4.043878
3.810663
-2.992342
-5.719594
6.221614
-3.773041
-0.185504
7.634281
4.671071
7.015858
4.727491
1.698156
-5.473913
3.220230
-2.187395
-0.185504
-1.756768
1.947332
-0.081212
1.137565
-1.197829
-2.690685
-0.566892
3.387669
-2.279245
4.782264
-3.501048
-4.534559
-0.101325
2.672416
-4.023151
-1.917716
-4.829867
-2.970965
3.820230
3.872983
-4.137796
1.532984
10.316532
1.880389
3.009370
1.616588
5.202319
3.918864
-18.433031
3.346270
-0.664747
-0.415526
-2.084590
8.076413
-0.847628
-3.114305
2.257125
-0.185504
-0.700671
-0.185504
-1.313770
-4.355453
3.628156
-3.368434
-2.582541
-3.595977
6.025043
-4.132365
1.271983
0.179635
3.166075
2.722883
0.034859
0.533891
-0.185504
-0.366146
0.622081
-6.681286
-0.185504
-0.185504
12.861065
-2.628751
5.005768
-0.781597
-12.559321
5.932132
1.265729
-0.543952
5.213145
2.956329
-6.143829
-0.836352
-2.917598
-5.660687
1.149314
-2.671358
-2.975399
-0.185504
0.611846
-1.755210
12.184818
3.558486
1.623719
5.004899
-2.438752
-7.183558
4.736192
-1.792663
-0.185504
-2.974253
-4.891451
10.825270
0.861650
4.520185
-1.451090
2.455823
-0.127098
1.894383
-1.587466
0.070370
3.255687
11.417881
-3.005995
2.553080
3.741911
-0.974200
-4.850670
-2.781289
-0.454857
-4.418697
3.627085
-2.445094
4.301971
-0.006735
-3.411008
4.341147
4.785468
-0.064606
6.392515
1.572849
-0.185504
-2.949744
-4.647448
2.177128
-20.783928
-2.636706
4.234978
10.998787
0.031644
-1.500462
7.996483
1.866672
-2.627353
-0.672261
1.771560
-2.242282
11.250221
1.768518
7.013312
-1.287317
-10.847342
0.446119
-3.672827
-2.735885
-2.438946
-17.630835
10.032769
-0.993983
-0.483110
-3.273554
-2.747877
-0.185504
14.938297
-4.598093
-0.185504
3.476355
4.071999
-0.185504
-1.690052
-1.434068
-26.316404
-0.006115
-0.185504
3.445180
-2.661675
-1.178337
0.441001
1.787270
-3.327992
-2.804085
-0.409134
9.815689
-0.392067
-1.406785
-3.440861
-0.336554
-2.808354
-11.556064
-0.232164
0.747705
-1.333140
-0.185504
0.251942
2.308593
-1.612858
-3.064422
5.487848
-3.174789
-0.565373
-3.468033
2.399296
-2.380095
7.847786
-4.342592
2.172680
-0.306984
-0.911394
-0.375553
-0.579120
1.024538
0.749800
0.131633
-0.185504
-0.669276
1.587687
-0.075791
2.380761
2.980721
-0.185504
-4.743392
3.168283
2.691096
5.702686
-3.766843
-2.379727
-0.185504
6.963365
10.902569
-1.716882
-2.846586
4.476058
3.704811
-1.204926
-1.621028
7.478411
-0.783696
0.241966
3.771252
8.847432
3.923139
5.976061
3.348532
-0.899499
2.877753
-4.229749
-7.839349
6.324662
-10.878266
-1.448493
0.407106
-0.265271
2.979924
-2.449885
-6.301103
1.823507
20.558363
3.968076
2.503816
-1.620116
-3.736457
-0.185504
-0.344491
-4.773038
-4.909448
-4.079491
0.772877
3.180644
-3.994492
0.701383
0.663655
-2.362972
-0.425336
-0.602696
-2.074970
-13.613257
-1.579405
-3.580994
22.458586
-0.312561
2.637708
-0.795524
-0.185504
-0.693832
3.036088
3.072430
-3.807717
-17.038830
-1.213496
5.902513
-0.185504
4.516312
-0.806377
-10.200271
11.759878
1.691880
0.345483
5.127384
-15.716222
1.378440
-3.292293
6.278443
-0.611300
-0.167904
4.562895
-3.648613
5.164379
2.820091
12.693044
1.064787
0.592758
2.104963
-0.996460
2.983409
5.851194
3.976617
-1.294232
0.881428
-13.822692
-0.418704
-8.941019
0.274163
1.211654
5.069986
-9.915126
-0.185504
2.484084
-0.712760
-3.588511
-2.223815
-6.064020
0.859629
-2.873227
-3.059558
6.801149
-0.185504
-1.828923
3.631721
-0.185504
2.653506
0.307154
4.022069
4.071100
-6.306587
1.240677
3.063643
7.327221
-0.185504
-2.644536
-1.241485
-1.518158
-3.145504
-0.876365
-2.289311
-2.030289
4.706646
-0.185504
3.041569
3.419835
0.168941
5.373363
-3.488596
-1.805419
4.340833
-4.725453
5.189742
-11.549725
-0.997696
0.657466
0.797838
-3.783366
-12.494300
-0.185504
-1.597862
5.085486
3.546438
-0.609789
-5.327914
3.722145
-0.185504
10.915767
-4.517242
-0.167904
-1.359169
-1.285789
-1.004062
-0.482289
-0.185504
6.484767
-0.036871
3.570921
4.017734
-2.638047
0.506286
-8.234108
0.451943
1.593151
4.811011
-45.807476
-0.185504
-5.655639
4.525185
4.855180
14.201532
1.816463
3.603424
-2.349489
-0.077001
-2.814086
-1.911770
-4.248518
-3.010773
2.772081
7.816645
-2.108983
-1.341848
-4.626423
2.438178
-1.970932
6.820514
-3.800278
-0.185504
-1.854354
4.126650
-0.362546
-0.185504
-6.343013
-3.111435
0.104799
1.315125
-1.869503
4.200026
-1.135206
-0.185504
-3.297435
-16.288279
-0.822874
4.079677
6.365968
10.224511
6.004530
3.760144
-1.870085
-1.926027
-2.458179
-0.185504
6.047284
4.572758
-2.060712
1.453339
1.597588
-4.022719
3.619802
3.310174
0.436031
-1.769572
3.610941
-3.084808
-1.601504
-0.955309
-0.896223
-0.185504
4.248727
-1.583257
4.843557
-0.707874
3.626839
-1.864714
3.801666
-0.442912
6.967229
-0.185504
-0.171424
8.411628
-3.622029
0.936159
0.929146
-2.090430
0.090895
-4.437812
5.280801
5.264429
-1.104923
-0.185504
-0.185504
0.005827
-2.342584
-0.185504
-5.557704
3.160867
5.375486
-0.185504
4.815129
-3.818761
-1.258866
0.658886
2.694748
-0.891990
-1.293420
-0.331683
1.533830
2.370709
3.570994
20.506189
3.021319
2.025055
0.907517
-29.708776
4.088488
-5.187251
-4.019216
4.367424
-2.411600
8.346078
-0.562540
-1.171116
11.808274
6.022307
0.796853
8.816259
-0.239225
1.539233
0.282266
2.684254
-0.185504
-11.175688
-4.069654
-7.217671
-4.973678
2.013198
-0.185504
-0.185504
-2.296611
2.590324
11.018097
4.621566
3.209239
5.993021
-1.462390
-0.185504
-0.196049
-3.233413
4.366103
4.099972
4.130324
3.835806
4.863286
0.903591
3.304102
1.674456
3.041286
-3.659082
-2.802709
12.426949
3.672679
-2.743760
-0.185504
17.059435
-16.015217
3.806814
-0.339094
-2.475519
-0.273603
2.011228
3.244150
2.336281
15.712831
-2.748938
-2.473328
-1.205018
4.322981
-0.676353
-9.322492
0.117644
-2.216333
-2.170630
-1.694119
5.235975
2.853103
-4.733234
-3.450147
2.497938
9.268719
1.488011
-0.185504
2.892577
-0.185504
-2.204602
-2.248347
-0.357420
3.327090
-0.133131
0.832072
-2.444550
1.368723
-2.596830
0.581212
1.127001
-0.185504
6.008207
-1.889011
2.599678
7.719581
3.385807
-1.176034
-5.599304
-2.044882
1.936207
5.713807
4.991627
-1.939782
1.864433
7.307092
-3.564279
-16.796076
-0.185504
4.514056
-1.478616
-0.304241
-0.114367
0.415751
0.844220
-4.335767
-5.541709
-3.492968
0.706115
17.213890
0.620096
-0.185504
-1.397372
0.521960
3.641152
-0.311850
-1.179458
-3.713636
-0.674755
-3.687594
-1.407429
-1.545926
1.456548
6.210580
-2.702468
-0.183477
-2.720549
-0.240617
-1.841122
-0.185504
6.885865
1.284710
11.175680
-0.185504
4.684263
-2.018124
5.997902
4.332578
1.904134
4.920310
-5.382384
-0.185504
-0.185504
15.859496
-0.634415
-0.185504
-0.366826
-0.185504
3.582772
-0.339460
-2.169549
5.272612
10.202084
-8.033400
3.217188
-0.545953
6.199427
-0.166868
3.347013
-1.925642
0.307127
-1.641263
-1.731212
-0.405440
-0.185504
-0.821347
-4.760533
2.906588
-3.856689
5.308478
8.508493
2.443938
-1.275812
-0.908971
-2.719652
-0.283765
-1.861575
6.569665
-5.563705
4.481633
-0.167904
2.746345
2.713434
0.043374
-5.242716
-0.185504
5.801863
-0.311119
-4.372732
-5.676638
-0.185504
-0.167904
3.020716
-2.679846
7.513944
-3.054439
5.764186
-7.218622
1.472486
3.538952
0.546417
-0.185504
-3.687502
9.857765
-0.185504
6.781539
0.277202
-2.553104
-1.872202
-0.185504
-9.214368
-10.082995
-0.797911
4.999062
-4.926779
-1.863147
5.231562
-3.275445
1.414011
3.687913
-4.702949
3.936786
4.830891
5.342977
5.909354
0.900267
0.552232
-1.906137
5.604537
4.310536
4.429059
2.395831
-1.870384
5.068283
-1.675581
-2.163663
7.436689
2.855347
0.452397
1.416838
-2.130090
5.666399
0.416265
-3.568179
2.891184
2.325402
-0.185504
3.035051
3.462238
-0.532104
-6.156838
7.504337
-14.453177
-0.185504
-3.534402
-3.707911
-2.342765
-0.091698
2.416476
-0.185504
-1.271626
3.792884
-1.488139
6.337612
1.110343
-5.533325
4.606918
-1.929539
-1.008212
4.321920
-2.248853
-5.226112
-2.188307
-0.821254
-0.643136
0.295538
-2.865481
-5.768202
-0.185504
5.791446
2.365899
15.067782
-0.525571
-2.141686
0.019037
-5.210349
3.556789
4.755377
0.175606
6.200325
3.119366
4.087727
7.864176
-0.185504
2.245537
6.939672
-4.468154
5.874665
1.773092
-0.185504
3.503557
3.819443
2.810806
-4.913731
-2.005458
-0.185504
-2.438868
8.143178
0.424869
-1.487221
-1.372284
3.445020
-0.185504
-2.532382
-4.000429
2.727338
-16.463383
-0.185504
2.390168
-3.638987
-1.896040
-2.787150
-3.191189
4.106034
-0.667543
-0.629364
-0.016296
3.862529
5.519720
3.035975
6.616603
-4.636230
-0.851761
-9.496861
-7.012392
3.928872
1.944693
16.725357
5.046039
-7.247387
9.135324
4.214100
-0.185504
-0.185504
-0.234290
3.276115
2.766082
12.134899
-0.915489
-3.721195
-0.529090
7.819233
6.003765
-1.703030
-0.538313
4.283516
-0.725887
-0.539318
-2.575625
6.658653
2.968505
-0.113393
3.285398
0.009268
-0.185504
-1.022405
1.783295
-4.385760
-0.167904
-2.519706
-0.084989
-1.489698
5.692448
-2.778023
7.732822
-2.106553
2.229131
9.128530
6.947653
1.783182
4.627838
7.080168
-0.157475
-1.553371
-0.185504
-8.118657
-1.134153
1.211771
-1.599491
0.522184
14.804403
-2.164554
2.345985
4.400613
0.219228
4.997140
-0.185504
-4.305278
1.656187
-2.607775
9.368049
-2.796974
-0.189412
-2.462881
-0.185504
1.987081
4.358218
-0.185504
-12.061935
-1.200072
-1.170336
-0.339132
0.776564
-3.111792
-1.580652
-0.185504
2.321180
2.788213
4.563304
2.693913
8.370853
8.353729
-4.916800
3.565505
3.039520
-0.602908
8.041519
4.286417
8.983101
9.310534
5.415807
-3.137935
-0.185504
3.141928
-5.359218
3.770577
-1.914604
-14.888547
-0.167904
-0.185504
9.366448
-2.110603
3.020164
2.478104
0.912498
3.320506
-0.167904
3.757457
4.471666
3.770953
0.423532
3.292262
2.652803
3.255901
3.191023
-0.167904
-7.298360
4.155668
5.883173
-0.185504
-0.256908
-3.454205
3.467535
-2.498924
1.294605
2.660440
0.114665
1.577844
-6.281231
8.798108
1.631137
-4.368966
-28.937874
1.725116
-7.747836
-3.340853
-0.185504
3.881659
7.497425
2.859586
6.241826
3.466303
7.555861
-1.009168
6.076861
-0.185504
0.503775
0.305796
0.569521
2.034589
6.246758
-0.791454
1.514597
0.289885
27.601820
-5.837614
-1.957524
-3.301775
-0.966495
4.343214
4.017026
5.508006
-2.305930
-8.359431
3.199567
-0.547150
0.334664
4.079119
-2.539385
-0.185504
-7.767897
-3.672741
-3.300189
6.962310
-2.094442
2.913756
-2.896309
1.685422
4.278479
3.761079
-1.827393
2.052139
0.353087
-1.004315
4.227293
-3.574247
2.581583
3.575783
-12.468734
-9.983555
1.960613
-3.053554
-1.150947
3.664567
9.356239
-1.230919
3.681642
12.615775
4.919876
2.244534
5.422108
4.115570
-1.671632
1.616955
-3.009240
4.605526
-0.435832
-1.549437
-0.185504
0.853229
-2.679537
5.773499
-1.853007
-0.185504
-4.875333
-6.171162
4.091924
-2.254128
-2.390878
3.522257
1.832699
2.257076
-0.185504
1.092047
-1.367613
6.415276
4.225220
-1.398430
5.541214
1.026819
-1.477954
-2.736976
0.856082
-1.725856
4.472294
-2.381439
-0.980562
0.871012
3.306267
2.384435
3.678720
-4.522062
4.657560
-2.563341
2.100649
-2.357880
-5.987314
-1.899730
0.147561
-0.185504
6.376442
-1.909744
7.819855
-0.185504
2.517152
-2.503597
7.101080
-0.578455
-0.167904
0.703588
0.010109
3.875585
-0.484757
1.430016
-0.185504
3.068005
-1.570348
2.534450
-1.465798
-9.848589
-2.980824
-0.185504
0.987142
-1.009225
-2.724538
2.246652
-5.046644
4.645732
-0.893041
2.462624
4.567599
-2.753118
-0.185504
-5.839070
-1.541846
-0.271956
-4.066662
0.311264
5.327711
-0.204023
-0.185504
-2.849502
-0.532162
-0.558754
5.853800
-5.075512
3.645423
-0.923122
-2.958123
-6.303611
5.262184
1.726053
-0.185504
3.595194
-0.159195
2.635910
-3.521646
0.189610
-0.536540
-0.185504
-1.156451
5.868093
3.144264
-3.040145
2.471601
-3.121076
-5.619615
-0.291181
-2.852113
15.949849
-2.197227
-3.455493
1.859468
-0.167904
1.739499
-0.099614
-1.055172
-0.185504
-0.185504
2.904034
-0.669951
0.021095
50.000000
3.595690
2.060586
-38.327393
1.878170
3.230804
0.069259
4.032901
2.272206
-0.185504
0.356077
-0.185504
-0.210045
3.087054
7.827045
2.508195
9.781076
0.492265
1.339000
-0.185504
-2.625834
4.252967
-3.383064
-3.327518
-1.510603
-3.607826
4.576666
2.439232
-0.185504
2.826536
-2.826356
5.978575
-0.185504
-0.583802
-11.368148
7.597035
2.932931
-5.280218
50.000000
-8.182412
3.295215
14.925749
4.808201
-1.130206
3.772007
1.488579
-0.185504
-0.185504
1.864344
2.943989
-2.659876
4.402987
12.574361
2.653899
-0.185504
-0.016296
-6.303884
-0.109509
5.188059
6.016709
5.002235
3.765367
-1.054834
-4.108169
4.618692
-5.488183
-7.441592
-3.148568
-1.827107
3.989019
-0.185504
6.470904
6.897505
12.346073
0.480156
0.101759
5.183317
-0.702888
0.302468
-3.353220
2.340347
5.741669
-2.110807
3.363593
-0.674291
-1.528577
-0.185504
2.263308
1.152696
-0.185504
-1.496726
-1.158134
-9.979762
-0.185504
9.222886
2.799058
0.365533
1.159814
2.920147
1.689451
-2.354416
-3.360371
-3.864583
6.153142
-0.185504
-2.009276
1.773309
2.704877
-4.085099
4.825616
0.192457
4.016521
-1.879154
4.912086
5.469789
4.246119
8.388384
-2.624981
5.346654
-1.947572
-0.167904
0.628117
-0.185504
3.067742
-8.209457
-0.185504
4.171216
12.315002
-3.004117
-2.143473
-0.185504
-0.331555
7.327258
-0.791210
7.316720
-0.132203
1.003949
-0.402206
0.985556
1.904859
-0.485527
-2.879778
15.250049
1.964606
-3.181273
5.919509
-3.155196
-1.023768
6.882079
2.461675
-1.056706
4.378341
2.629878
-3.016741
-1.410494
-0.185504
-1.163437
-0.167904
6.129852
-3.601967
0.654307
-2.789988
-3.305823
5.089158
3.295841
-3.840097
0.504289
-0.185504
-3.230465
3.306476
17.963865
-1.819267
-0.775184
1.174802
-46.589836
7.130339
3.900539
-0.089426
2.156913
1.111899
-4.127854
-1.688335
-1.494831
-0.185504
-0.167904
-2.972660
-5.479356
-0.185504
-2.151577
-2.075326
-1.516229
-4.580583
6.281369
-1.940586
-3.074502
3.857803
-1.896394
5.833725
-5.125337
1.737345
0.658478
-0.258200
0.691646
5.191373
-0.167904
-4.093323
4.614303
3.243828
-0.935847
16.675768
2.144608
-2.069234
-1.049870
5.695801
2.545953
-1.833068
-4.731810
-2.253515
-6.163056
-0.995749
-0.247522
-1.064482
3.765421
3.402935
4.096513
15.232430
-2.512879
-2.095840
-3.359254
-1.113349
-0.632675
0.562460
-1.799910
-0.912114
-0.185504
3.086670
6.860480
-1.336951
-0.185504
-10.024525
-3.207838
-1.073782
0.549345
-10.360192
5.563763
1.996414
3.882458
2.063714
0.411314
-0.882128
4.046812
2.487720
0.174098
6.939569
-8.629696
-0.185504
4.348309
-1.643028
-1.190301
-3.564068
2.642899
5.631570
-1.566018
3.782132
-0.130408
-1.171519
5.164717
4.022932
6.330852
-3.618796
-0.185504
2.534382
-3.138042
-0.167904
4.342357
5.703559
4.911596
-2.891784
-0.627374
1.923640
-0.687980
-2.363816
-3.303146
1.936649
7.694545
-0.185504
8.945775
-1.009168
-1.425776
-0.920071
3.727072
-0.997696
-1.822898
-2.443629
-0.185504
6.733392
7.881298
4.686054
3.368717
1.248649
0.715769
-0.288697
2.326781
7.514104
1.315386
-2.198298
-1.198816
3.135109
-1.180657
-0.185504
28.473890
-1.378843
0.214189
-6.001990
-0.375553
-2.538965
1.546802
-6.715253
5.336969
-2.907841
2.177057
-0.185504
7.140589
-2.866937
-9.608545
3.261095
-0.185504
-2.511778
-0.185504
-0.185504
-0.185504
5.510612
-6.652584
0.530946
-0.185504
13.357477
3.062559
-0.185504
21.230103
-0.229485
-0.185504
-0.378598
3.136943
0.401975
0.333324
5.792974
0.915772
-0.051268
1.888239
-0.185504
1.376721
-2.842531
5.825345
-2.218946
-1.362547
7.454458
9.469701
-0.339132
3.836310
-0.185504
-3.080018
-0.185504
-0.473970
-2.232579
4.068487
-0.185504
-3.443157
0.715705
26.465784
-0.536338
-0.569934
6.308580
-3.257533
-0.185504
5.138086
-2.242004
2.386005
-3.174018
3.708806
-1.773894
-6.466731
4.513837
1.994114
-1.816374
-0.629722
-4.165423
7.019589
2.843251
-2.782707
3.613750
-1.393031
0.869815
-7.246352
-1.467532
2.259057
-0.185504
0.003533
4.005184
2.199422
0.937755
-4.679523
-0.747788
2.319468
-3.468510
1.377739
3.998723
-2.741410
-3.221329
-1.270038
-1.490486
-0.493429
3.584714
-0.850373
-0.185504
-2.961769
0.484922
-0.467273
3.076943
-3.313204
-3.129694
-2.266958
5.523228
-0.185504
-1.106436
-2.496779
7.838844
-2.765887
4.078650
-2.065290
2.811569
-0.351086
-2.598793
-0.185504
-3.247042
0.180087
-0.316145
0.474590
3.795775
6.015871
-1.428179
-0.812608
-7.748143
-8.314869
0.305796
4.160012
1.967091
-0.185504
-3.333878
-3.732374
-2.364227
2.513908
-0.374258
-0.566050
-14.577806
-2.247811
2.275773
-0.185504
-2.719831
2.943158
-0.185504
-0.185504
-2.741925
-4.415254
-0.760080
-0.573881
2.887536
2.047239
-2.186443
4.267980
-1.617438
-0.185504
-3.529556
4.602477
2.138479
-1.531752
-15.074267
5.969964
2.555261
3.763619
-1.107673
-8.697253
-17.735142
0.004313
3.283638
7.669066
-3.836533
10.460046
-2.587706
-3.672131
2.150222
-0.185504
4.638258
1.106192
0.150130
5.551942
3.225610
-2.441133
2.211730
1.432415
-0.340598
-1.620134
-2.678889
3.081113
2.491625
3.149569
-8.358530
9.929888
7.806104
-4.062845
0.372046
-0.185504
-2.993599
-4.067479
-3.024150
-4.441115
9.441968
2.424513
-0.417135
-0.339460
5.962388
-4.531575
-3.211581
-3.264667
0.525432
0.409577
5.038765
-3.069711
-0.332810
-0.180744
-5.470534
-5.300724
3.605263
1.172674
0.262936
-0.185504
-0.913231
3.324501
3.328506
-0.863007
-0.513575
-3.801897
-1.445000
-2.380911
4.347170
6.435834
-0.185504
1.982957
-0.185504
1.972265
3.912654
0.257533
4.481443
2.531625
-0.924785
0.606924
-2.062750
-0.185504
-0.082903
7.283720
5.721335
5.703745
-0.480354
2.533925
-0.185504
0.862370
-10.754005
-0.614159
5.954529
5.447944
6.184228
-0.185504
-50.000000
2.799742
3.391605
-4.805539
5.798552
-4.106074
3.220655
1.810546
-0.185504
3.338150
2.217902
-0.044537
1.336224
-0.185504
2.531204
-7.884159
3.948488
2.283986
-0.501089
-2.335534
1.468349
11.389821
14.294807
3.274856
-4.944685
6.820699
-0.185504
-0.702457
-3.664668
0.302921
-2.732591
2.817769
3.179689
-4.332443
-3.888143
2.675178
10.958211
-2.211814
11.874870
-2.049721
5.484941
4.570874
-0.185504
9.558790
-0.736183
-3.391322
-2.232461
-2.975881
5.864526
0.932023
-0.002684
-2.942373
3.018569
-0.167904
-4.588966
-1.272660
-0.487028
-0.185504
-0.159243
-9.928681
-0.185504
3.838067
-3.130271
-0.185504
3.882858
2.673810
-3.994325
-3.582630
2.100210
-1.234822
-2.961439
1.338318
-0.185504
-0.185504
2.058550
0.103456
-0.185504
0.968946
-1.202991
4.277554
9.141640
0.434345
-3.950505
-1.718482
9.938824
8.706560
0.212079
-1.545508
-4.969611
6.209053
1.970222
-0.850490
-0.621636
-3.811090
-0.180744
8.428677
-3.001881
-1.279043
11.923095
0.678028
2.081498
2.643794
2.033013
1.310621
-2.455425
-7.301617
3.409186
-3.681987
-0.185504
-0.060061
9.501090
-0.593117
-2.225626
45.984623
6.075203
5.051671
-10.208193
2.618225
-2.237937
-1.567943
-12.575415
-0.188490
3.005563
-0.185504
-3.631629
3.587760
7.611686
5.870018
-3.260908
4.966163
-1.296863
-2.373583
-2.071840
3.003887
18.588516
4.009861
-0.189368
2.055875
-1.774462
-3.322489
3.923998
-10.134468
6.862916
-1.119511
0.352851
-1.959011
-0.185504
-1.524501
3.500717
-1.009225
-0.185504
-9.550688
-3.622858
5.453538
-1.663695
-4.544644
-2.169274
2.630907
-1.605150
2.524660
-7.453338
4.107561
1.737204
0.490786
-0.493750
8.262562
2.448561
3.562051
-0.185504
-0.956927
-0.203068
-1.863147
3.131586
-5.209292
1.620646
5.103791
4.899265
5.737845
3.793041
3.234108
4.893174
-2.013856
-4.484546
3.558363
2.817775
-2.030459
0.537820
4.564439
1.442824
-0.164119
-2.523892
7.410117
0.708206
-5.889179
-1.343919
1.911272
-2.458460
-1.258548
-0.405440
1.730952
-2.928665
-0.517380
-3.009502
-0.185504
4.490233
-1.549361
-0.185504
-1.190301
-0.221277
-1.232395
2.666711
4.745025
-3.664152
-2.236591
3.338909
-0.541032
-0.185504
-0.160084
3.816020
3.762313
5.092839
-0.185504
-3.299147
-2.761970
-0.674894
-1.003547
3.057128
-2.896787
-1.428148
2.359476
-0.185504
-0.879998
-2.102048
2.881299
4.464823
-10.208408
2.693425
2.785502
-0.549913
6.208677
1.092159
-1.539166
-0.185504
-1.831216
10.552123
8.864241
4.862039
-0.945724
2.824208
-0.185504
-5.552684
-3.709918
9.982481
7.479225
4.639906
0.162555
-0.811450
-1.385769
1.507046
5.882763
2.664855
-1.262353
3.474334
-0.364814
3.255028
-0.185504
6.805153
-0.613976
3.459895
6.939381
-0.185504
2.855821
-1.066377
-1.047197
3.375815
3.109180
2.115172
-0.364953
3.612320
-0.204720
-2.103588
-3.672741
6.279906
-0.185504
-6.895773
-0.915489
3.540940
-1.515823
-0.185504
2.569048
-0.185504
-3.852109
12.463640
0.369771
0.235386
-0.893510
-1.716831
-1.703653
-1.946644
2.793868
-2.152068
-0.185504
3.436343
4.061795
-2.879882
-2.142693
0.249250
-0.644424
2.905647
-0.018810
-1.886381
3.627658
-2.634820
-0.185504
-7.098565
2.923225
3.226228
0.815331
-1.414922
-1.009225
-1.671362
2.254693
-1.040542
12.615775
0.452442
-0.185504
-16.335663
5.734105
-1.898716
-1.235113
0.817682
-3.256582
-5.661886
-0.185504
-4.229041
-0.185504
-5.497137
-4.799340
-4.760473
2.502504
-4.357936
-6.545960
5.139084
-0.167904
2.515083
2.951066
-9.529202
2.256474
-0.518883
5.253659
-1.412098
4.456557
-1.926413
-0.998326
-2.259098
-1.291882
-0.185504
0.293511
-8.432031
-3.093568
3.244322
-2.333253
4.313808
2.071747
1.122218
5.301935
3.411011
2.472006
-0.396201
1.673675
3.478255
2.266827
-1.461517
3.233147
0.907517
-6.064654
-1.713240
35.713680
-1.318892
5.596831
-2.466516
2.061106
-4.213194
2.614501
-0.861107
-2.510933
2.422742
0.478331
6.379678
2.248956
5.575299
6.029562
1.573321
42.100620
-1.469073
2.296199
-15.721280
4.635143
-1.344908
0.372923
3.385991
-1.384855
2.440216
3.991643
4.547453
0.005478
-2.904208
-3.930352
-4.716960
0.836683
-6.886502
-1.058699
2.071236
3.745874
-2.339151
-1.993944
0.224859
3.814306
-4.965575
-0.528618
0.105370
-1.489957
-0.185504
-1.540777
-4.479771
-1.249526
9.242778
5.594775
2.453793
-0.835542
3.365598
9.682166
-0.977271
1.474847
-5.464571
1.147898
-0.413743
-4.828632
4.634587
1.110298
-1.560357
-0.176068
9.786359
4.760053
2.432032
-21.813101
3.259627
-0.990854
2.125361
-0.185504
-0.185504
5.242535
-4.053879
10.058047
-0.930394
7.342047
-0.193768
-0.283454
-1.708633
3.970694
4.616808
-2.586149
-3.972111
4.773671
-4.872631
7.850116
2.259203
1.670946
-5.436604
-0.167904
-1.556796
4.772757
0.311714
-7.301684
-5.013672
0.040599
-2.824525
3.414793
1.203547
-1.792423
0.273779
-0.185504
-22.696146
-0.643136
2.160120
-0.262477
3.830863
-3.238077
-3.127481
3.291819
-0.520940
-2.939268
4.222914
-1.377315
3.888675
-0.185504
-0.185504
2.566603
2.805125
-1.637871
6.024191
-1.221067
6.639308
3.569074
-1.158984
-6.220420
-0.175541
1.055026
4.080023
10.175156
18.262554
-3.247170
2.006978
-0.185504
-2.812260
1.662969
1.807521
-5.118900
-4.741333
-7.419623
-1.863147
-4.556026
12.610644
2.905425
-3.344592
2.937467
-1.313052
3.312558
-14.702826
-2.644769
-4.484229
-2.970931
-0.173960
0.303749
2.036591
1.704513
3.678619
2.766178
-0.467880
-4.878322
4.279453
3.952950
-0.185504
-0.185504
2.321739
0.597753
0.372736
6.379012
-3.181250
3.027723
-1.406929
-0.185504
3.130512
-0.185504
3.622442
-0.185504
-1.038204
-3.902522
11.435315
3.686098
-0.263749
-1.526989
5.970319
-1.236221
5.712356
3.392715
-6.317046
4.202171
-0.185504
50.000000
1.898551
-0.185504
-3.547500
2.588924
1.203276
-3.395271
1.248030
-4.211829
-1.734737
4.500545
-0.185504
-0.167904
6.021209
3.229473
12.689260
3.351753
-1.111826
-0.185504
-0.185504
3.933426
0.561001
1.146458
-5.542911
12.066416
31.100628
-0.185504
-0.523357
-3.066579
2.797913
-0.185504
-1.009168
-1.264744
-1.987319
-2.161127
-1.151738
-3.598578
-0.484458
-8.862317
-0.778703
5.631204
3.101311
-0.185504
3.315290
0.857523
-2.548985
3.239684
9.641204
-0.391440
5.666788
2.077814
33.757381
3.102539
-0.167904
-2.823978
-1.772021
-2.796579
-0.185504
-4.774045
-3.410947
5.970320
-0.946115
-50.000000
2.421403
4.301722
-2.260904
1.821550
3.038797
3.127150
3.444159
-0.155445
6.728284
1.403180
-0.182193
-0.185504
-2.899914
8.315392
3.497587
-0.201870
-3.116199
-0.185504
-1.320861
-0.731553
4.383635
-1.428728
-1.623052
0.866484
-2.839132
-1.612211
-0.185504
-4.445632
-1.158134
4.204996
18.203243
0.316654
-2.308905
-7.610296
-0.903223
-2.440423
-5.323306
3.066370
0.532297
2.590581
3.436300
4.589638
-1.314685
-1.767499
3.830174
2.614302
-1.753949
3.569390
-1.863147
1.972265
-1.139772
-3.493163
3.198444
-2.387577
8.388044
1.179337
2.856219
-0.634080
-1.140570
-0.185504
-0.185504
-2.273962
1.244173
-0.185504
-34.598900
-1.604724
50.000000
-2.212644
6.547225
-1.278088
1.439229
-0.185504
2.834928
3.720073
3.635915
-0.982721
-0.185504
-1.509155
2.086200
-0.185504
-2.573311
5.930923
-3.365466
-4.308041
2.734054
1.795001
9.057673
-1.930429
0.097010
2.324444
1.455178
3.094316
10.412580
-2.215038
-7.655720
-2.651277
-2.652874
-0.185504
7.312127
-2.439002
2.904034
-2.543244
-5.281690
3.115124
2.337709
-1.972330
4.378210
0.686382
1.498032
2.524113
-0.070545
-4.092876
-3.514719
-4.434810
0.540797
-2.693968
2.317067
3.501830
3.036911
1.372439
2.735890
2.900183
-0.185504
-3.470725
-2.475865
6.686844
1.893826
-1.378986
-0.185504
-3.103252
-0.185504
-0.326834
-1.021174
3.460354
6.306056
10.658144
-2.027943
-1.703136
-1.548089
-2.491865
9.601293
-5.335434
-1.401940
2.214450
-0.185504
2.876394
2.631922
0.212392
19.196980
0.336799
2.234481
11.849024
-2.953817
4.985014
-11.006060
2.644678
-2.966697
-3.291023
2.617021
3.093560
6.863571
-33.053112
-0.446807
26.129599
-0.185504
0.543477
-0.004893
-1.225320
-4.406483
1.283360
-2.799966
-1.233342
-2.434807
4.913608
3.783183
3.913308
5.444299
0.659730
-8.317079
-4.243895
-0.185504
-0.797471
-3.515644
4.920093
-0.603534
-1.680983
1.193669
-0.274554
-0.571873
-1.897493
-3.900092
-0.680853
-0.561727
-1.835672
-1.009225
17.103605
8.214849
1.956136
1.621334
4.155538
4.310502
-3.374782
8.079766
-3.786730
8.418765
-0.113028
6.931809
2.271401
13.547100
2.961053
-1.907021
-2.422740
9.117332
-0.576868
-3.324336
-0.185504
3.229565
-1.119276
-1.969140
-0.185504
4.458670
-2.245955
6.537895
4.182399
0.863058
-2.367095
3.324873
-1.727085
-1.733533
1.290084
1.644406
2.786307
0.995602
4.488997
-5.472232
1.739590
5.506758
-2.741499
-1.938589
-31.116760
1.916253
4.317260
-0.167904
0.894941
8.716057
6.456737
-16.124603
-0.185504
7.560457
-0.167904
-0.185504
3.694797
-1.833290
7.449670
-0.185504
4.605222
0.609359
1.019047
2.417412
-11.668271
4.810784
-2.895309
5.191189
-0.185504
6.040159
4.000487
10.742525
-3.249615
0.554075
-0.760278
-4.068594
4.317729
5.657921
2.798997
-3.439273
-0.962904
4.466871
-1.457120
-3.683774
2.775130
8.312269
-0.892876
-0.185504
-0.185504
-0.680853
-1.712443
11.523175
0.808960
-2.264925
-4.181044
2.065819
5.127154
2.397161
-1.772925
-2.879071
2.381729
-2.298867
2.948286
3.182580
-3.479079
-0.185504
-2.178561
-1.346952
-2.801743
-13.555159
-0.185504
-8.671839
0.370918
-2.262311
-1.569466
-5.136703
5.000967
-0.452982
2.234223
-2.983880
-1.941079
-0.185504
-0.374007
-1.552339
5.382910
5.752153
-1.937885
-0.185504
2.793168
-0.439923
-3.316905
-3.256259
1.061956
3.580589
-0.550240
-2.185078
5.702046
3.729077
-0.320054
4.637354
-2.809911
-0.724282
-1.565009
-0.185504
-0.312663
10.569888
-0.455959
6.572011
7.199404
2.287137
-0.185504
-2.122087
-2.066530
4.188450
-2.255065
0.520758
1.711724
4.030694
-5.395028
-1.331638
-2.456128
-0.449418
-7.433742
-0.399826
0.435714
-13.375594
6.295464
-0.185504
-7.285858
-10.574968
-0.558468
1.270515
-1.392494
1.641260
0.477253
8.961281
-1.124105
3.256055
-0.720928
3.810493
-1.701129
-5.038036
6.770154
2.652567
0.997718
-1.209385
6.635197
4.077715
5.446697
2.761777
6.898911
4.138268
-0.594228
-0.167904
-3.351915
2.733111
1.863538
1.862496
-2.030044
-4.427215
-1.474260
-0.185504
-0.614310
-2.979081
5.918520
-1.318871
0.543818
-0.713197
-3.670579
8.382952
1.399599
0.382594
-0.479351
-2.830580
4.237845
0.771813
-0.465896
-3.239210
-0.555184
2.504568
1.692673
5.741645
-0.005229
7.451671
-1.804409
9.151144
-0.185504
-2.894430
-2.982517
8.496007
-5.863039
-1.179700
-2.012263
-6.340587
-6.481720
-1.270054
2.462109
5.057722
6.789415
9.226521
-0.862234
-0.185504
10.516717
-1.702150
2.988261
0.720357
-1.460554
-9.152190
-0.185504
6.190150
3.739233
-1.305269
-1.242501
-2.999664
-1.568637
0.635055
-3.059556
2.168850
-2.719193
-0.185504
-1.704451
0.046123
2.097962
2.515328
-0.215745
2.910970
3.737990
-0.425440
-1.633016
-8.243126
-0.167904
6.500663
-0.841246
-6.020462
-0.167904
-0.185504
-0.185504
-1.244217
3.013085
1.737692
-1.348147
-3.637129
-0.185504
2.183896
2.214898
-3.739563
2.479069
9.184861
-3.784004
-5.065816
3.310981
3.681797
-3.161597
-3.303627
-2.742354
-0.185504
-1.736947
4.429622
4.986599
-0.025771
-9.173961
-3.297824
-1.401119
-3.739672
5.017108
-2.034646
-4.709207
3.841428
5.547328
2.217891
-2.517927
-1.479803
-0.185504
-3.377115
-0.355909
5.106267
-1.276564
-8.272986
4.464543
0.112322
14.195125
-0.185504
0.377062
2.748058
-1.563140
-2.713413
-0.098492
1.418743
2.768736
3.825753
-0.185504
0.616374
0.387563
1.741501
1.758047
7.833164
2.327878
-0.313168
-0.167904
-24.248697
2.232613
-3.637574
-0.185504
-0.185504
-1.308247
-3.778516
-0.004410
1.243639
-1.095870
7.739491
10.422524
-1.197585
9.776987
-0.185504
2.111041
-0.167904
2.301720
-1.240431
-0.887537
8.025955
-1.587464
-1.008180
-0.565373
-0.829297
-3.509341
4.167960
-0.185504
1.027055
-1.186768
-1.295848
8.555137
-2.533958
-1.494244
1.248150
-1.853306
4.076588
-0.133792
1.169524
-0.578095
9.632461
-0.185504
-0.623206
6.800686
3.502524
-7.461547
6.230413
-5.983731
-1.317541
2.079501
1.711383
-0.543752
3.589449
0.519846
5.790400
-2.194538
-0.127216
3.238310
1.151536
-0.167904
-2.647334
2.407036
-8.716904
-2.498657
7.070656
9.260351
-0.185504
50.000000
6.590856
-1.403766
-2.696487
4.473460
-0.185504
-0.991232
-4.309244
1.920254
-1.300006
-3.369393
4.070618
3.226717
-2.064662
50.000000
-1.944919
-3.194504
-5.681543
-1.483620
-0.672261
3.561008
2.898280
-4.108745
-0.219479
1.491107
-0.185504
-0.318107
-1.093286
-0.641415
3.507243
-2.625522
-0.376170
-0.185504
1.618084
-2.705114
-3.887321
-0.069415
-1.621291
-2.867777
-0.605615
-0.763833
2.654841
-0.458175
-0.185504
4.745594
-0.167904
13.173582
-0.185504
-6.148885
1.451847
-3.028925
3.419237
-16.025137
2.303486
-2.838189
3.714402
-0.374532
6.281997
2.155424
-1.863147
-0.888967
-5.803987
7.994731
-0.185504
-2.287990
4.918342
2.496087
-1.515837
-3.738989
5.617581
-5.359786
-2.166883
-3.347424
-1.622187
1.450926
-0.185504
2.605433
-0.772767
1.527241
-0.185504
9.304408
-2.713146
5.911535
-1.655506
-5.852685
1.117211
0.620885
1.753516
-3.595999
-15.829891
4.674598
-2.826868
-18.407389
-2.735518
-1.239241
8.752289
-0.049858
5.849576
-6.257337
-4.180895
-2.427541
-0.542937
5.908882
-9.456702
4.779160
-2.861325
2.336370
0.847426
-0.185504
3.503634
6.484745
7.337690
-0.185504
4.594109
-0.185504
3.381528
1.208429
-1.709366
0.955903
-2.579191
2.733346
-0.845291
5.347527
2.357427
7.707441
-0.988289
1.774644
4.938398
3.625425
-0.814252
-0.185504
7.665413
4.542969
5.565235
3.011612
-1.611532
8.237186
-2.108941
5.372634
1.997428
-2.208002
2.557615
-0.185504
-2.049303
1.421394
-2.619442
0.329505
3.302421
7.943257
11.295697
-0.804822
0.271119
4.482150
2.013292
-3.478033
-2.090319
3.680936
2.913874
-4.770382
5.515810
-5.135994
0.979585
-2.600815
-0.185504
7.656636
3.413275
4.327591
1.697843
-10.331604
-2.226024
-7.290801
-1.110602
3.281651
-0.185504
2.019297
3.214603
0.179506
-5.429957
2.927215
1.987215
0.667489
0.527314
6.420456
-0.185504
3.280632
2.827578
3.893450
-0.185504
-0.185504
2.862731
-0.185504
-13.052567
3.930557
3.753444
-2.540562
-0.185504
-1.565787
5.069508
0.393501
-2.473990
3.432198
-0.185504
0.446947
-0.167904
2.819146
-2.942433
-0.801967
1.169791
0.365882
-0.185504
3.122765
-4.023482
3.695620
-1.662606
-0.244359
-0.185504
0.674572
-2.047652
-5.821442
-1.575922
-0.185504
2.951201
-0.398646
4.949497
-2.587575
1.017316
2.758499
2.300857
-1.419738
1.872943
12.614422
-5.524932
-4.235304
1.890721
-3.813991
0.323064
-0.435189
2.788661
-0.884987
-4.780582
1.480066
4.161959
-0.498499
-0.185504
-1.549016
2.080853
-7.624265
-17.930304
-4.991941
-2.926228
-2.943475
-6.258210
10.305595
-2.691280
0.677399
6.704645
-3.470046
-1.792136
-2.805405
-2.337021
-0.185504
-4.892474
3.181100
-11.394935
3.078635
-4.362094
-8.609328
-0.185504
-1.112600
-0.497291
-0.185504
-1.283061
-4.513137
-4.338344
3.488887
-4.754462
-10.141249
6.364251
1.029228
2.990258
0.319673
-0.272814
-2.344253
2.650971
-2.279245
8.732406
0.891260
-1.985255
1.287455
2.662195
-3.427961
5.225035
-3.091168
-0.238141
1.537241
-1.831995
1.087510
-0.676547
-1.753321
-7.281274
-0.185504
3.295384
-2.921936
-2.437655
-1.755033
2.261895
-3.702341
9.716754
0.722555
-0.185504
-0.903488
0.471426
-1.359420
5.421233
-1.921309
-0.185504
-0.773690
3.023041
-0.185504
0.112655
-2.131559
-4.952493
-0.337890
-0.569104
-0.185504
3.722481
21.568300
-5.269377
-2.913851
-3.190660
3.543916
-3.075843
-4.837397
-1.009225
-3.769267
-1.629939
-0.732749
19.120895
-1.229133
-0.167904
0.172170
2.143241
-1.288247
3.598094
-1.193902
-0.185504
0.623502
-0.833644
4.377295
-0.301299
0.236722
4.008104
-5.072504
11.698393
-0.588489
3.321433
1.079494
-1.873307
1.751078
2.447865
-0.185504
1.198797
-4.061042
3.887099
0.518916
-0.185504
-2.570149
6.180682
-2.767421
-0.185504
6.109507
1.175287
-2.279532
-4.822993
5.456550
0.748425
-0.089602
3.219108
-0.118405
4.253319
-0.185504
4.197222
-6.109897
-2.470239
10.910528
-2.445573
-0.769774
-2.396989
-1.985834
-1.863147
4.839823
-7.924377
34.380470
7.832362
-4.222990
2.927745
-0.114323
-0.509341
-3.092111
2.020570
-0.185504
-3.216018
-3.747844
-1.662854
-2.279974
-2.333253
-0.185504
0.615248
-3.391041
0.578034
4.537717
-0.167904
1.237626
-0.185504
10.979044
-2.208932
2.979498
-2.778518
-1.387809
-1.176614
-3.077620
-0.185504
-0.348355
-2.906673
-0.970460
7.360068
1.185901
-1.703804
0.518528
-6.274377
2.672661
3.315324
-0.185504
-0.185504
-1.075248
-5.276632
-6.929937
-4.768284
-0.191971
2.690958
-1.704451
-0.185504
0.721944
2.939371
-3.104375
-2.451314
-4.355680
7.868273
0.712159
5.827540
4.210384
-0.185504
-2.235178
0.831286
-1.984074
-10.090824
0.490367
4.976307
-0.185504
2.585729
-1.865849
3.320306
3.204448
2.228278
-0.185504
3.916813
6.602437
4.370017
-5.777313
5.405965
5.009851
-0.773757
-3.337157
-1.233342
4.661931
-1.344904
-2.939209
1.164593
-0.254121
-4.223689
3.545774
4.699187
-0.185504
3.634651
14.765808
-4.340219
-0.347326
-4.761273
2.204860
47.438244
-2.404768
0.352531
3.390735
3.907803
-0.185504
-0.104483
-24.218573
22.481279
3.590277
4.155239
11.231471
3.496083
-1.422310
-3.327810
-0.756275
-0.185504
5.407662
-0.185504
2.517634
-4.176727
5.618351
4.858236
5.505555
2.154629
0.074933
2.201834
-0.185504
-0.685350
3.558413
3.267151
1.448662
-0.915489
-6.637466
2.934908
3.068047
-0.763628
4.145293
-6.074768
2.650800
-2.500000
4.163091
-4.697231
-2.821654
3.746958
-5.456308
-2.752500
-0.185504
5.713076
-0.185504
-7.466582
0.272318
-2.295294
-3.554936
-6.887588
-0.180607
2.805223
-1.086427
-0.167904
-0.185504
8.558068
12.360098
0.057008
-30.942471
2.532362
2.453196
1.182828
-1.611275
-3.873348
-7.514811
-1.122119
17.021452
2.593194
-3.006628
-1.978640
-0.825836
-5.342360
-0.455732
2.513500
-0.540846
2.707431
4.466928
-1.912974
-0.539095
-2.493496
-3.355757
-1.014459
0.733716
-0.991351
4.670495
-2.353756
-0.518428
-0.640142
4.156231
2.360536
-2.362197
-0.804835
-3.266070
-2.319862
1.373547
3.141268
4.762718
-10.254603
-0.185504
-7.909210
-18.792479
1.897356
-1.750990
8.032077
-3.838399
8.200652
10.100980
-0.185504
4.140118
-0.185504
1.412537
-0.167904
0.161808
-2.010643
1.925889
-1.919171
-0.552717
-5.041522
6.670720
-0.252170
-3.262977
-0.185504
-0.391958
-0.185504
0.120596
-1.596353
-0.167904
-4.331848
-3.808655
0.836280
2.074777
-1.903847
-1.733001
-0.517352
-0.133725
2.947445
5.865463
-8.251344
3.789088
15.792860
-1.775675
3.266333
-2.409739
3.395713
0.678181
1.410211
-2.360081
-8.132535
8.116974
-1.663757
-0.185504
6.289223
-0.282320
-0.185504
7.072386
2.716366
-4.164725
-0.185504
4.854869
-4.914393
1.094821
1.110825
-0.502689
4.310601
4.153815
3.231276
2.222033
0.278791
11.052406
-0.185504
3.796648
-0.185504
-1.559516
-3.218237
-2.941473
-1.766011
-8.117792
-3.195064
0.461205
-1.451752
1.954676
2.581007
-1.889485
-3.567075
7.354665
-5.443797
5.788410
1.025478
-0.185504
-0.185504
23.633123
-1.064447
-1.080253
-5.441699
-3.104427
-3.479199
5.178104
-0.264695
-2.674134
-0.185504
-7.966794
12.697753
-0.123749
6.098934
-0.690046
6.233948
-0.185504
6.495032
1.851669
12.417036
5.046108
-0.229261
-4.077647
10.537492
-0.185504
-0.185504
-7.233542
-0.703625
-6.724762
-3.463736
-0.185504
-0.272479
-1.602243
6.667424
-6.224394
-2.120112
-0.185504
2.089570
3.477865
-1.278798
4.293211
7.207042
3.999219
-1.483993
2.086097
-2.741162
-1.463750
1.010436
-1.015305
2.266690
4.943903
-2.096102
6.049364
-6.119600
-0.185504
1.639458
-0.032243
5.011491
-3.722820
5.326674
2.376760
0.308181
-3.190988
-3.325902
-0.853464
4.873021
5.261241
1.618971
0.436858
-0.185504
5.097923
6.052704
1.473241
-1.850164
-2.187947
-2.553064
9.249934
1.288475
-0.185504
-0.630256
1.791884
-0.185504
-5.594775
-1.526398
0.359489
-0.260934
3.674705
6.410677
1.134240
-0.240934
-0.167706
1.205180
-1.237384
-5.797435
-3.862979
-3.512665
-5.543006
-0.185504
0.663165
-3.717964
4.379403
-0.185504
-2.123475
-0.185504
-0.185504
3.470658
6.796502
4.417921
0.529656
0.330176
-0.840685
-2.536648
2.255087
-1.204238
-7.678667
-0.185504
7.819847
0.168200
-0.167904
7.635068
-0.185504
-1.620535
-2.170319
-1.510990
-0.810463
4.545524
-4.520864
3.249251
-7.269830
-1.521731
-0.766603
-0.268082
-4.213000
-1.875540
-1.488721
-3.531077
-0.427689
-0.088973
-2.263589
1.661773
3.427365
3.807145
-0.704262
1.874534
-0.903266
-1.256661
-0.724322
3.597502
-0.185504
1.098595
-1.408986
3.285190
-0.185504
-0.185504
3.386117
3.494614
-12.702887
23.984478
0.208792
9.891510
-2.299653
4.996779
2.688451
-3.176420
2.403617
-11.990183
4.767578
5.799603
-0.082903
2.774272
-12.303623
9.238688
5.388052
-1.258866
2.557933
4.004594
4.552165
-1.270214
10.472007
-5.023243
-2.182715
-1.369545
4.335873
-2.613616
2.893556
-1.729445
3.406865
0.284290
3.064776
-11.691376
-2.202812
0.587018
2.236480
6.576602
2.551635
-0.185504
-0.185504
-0.185504
4.286266
-0.569150
5.229517
-0.166730
1.744657
1.217895
-2.699590
3.108347
2.915462
2.116956
-2.443773
4.501140
-0.185504
0.930596
2.852810
3.150810
-6.323432
-0.185504
-3.837947
2.763185
-2.566323
-0.185504
-9.375554
-2.415578
3.777591
3.722394
-5.864812
-3.660552
-16.442188
3.232792
2.265569
1.407841
-6.039048
-1.500377
3.364563
-0.690709
-0.185504
-7.937570
0.451293
-4.169933
3.926779
5.782170
-0.185504
-2.915208
-12.459920
3.379728
1.381295
1.996038
0.347766
-3.969145
-2.319409
19.113066
5.653407
4.497469
-2.056965
-0.185504
-1.997115
-3.286832
-0.923349
-0.185504
5.958312
0.799903
3.097362
11.445535
1.567889
3.720290
-2.724372
-0.848695
-0.367754
3.418377
3.270491
3.935283
1.200208
4.244296
7.955223
3.220916
0.769631
2.142515
-6.510992
-0.037793
-1.452159
6.225224
1.693861
-1.210296
-0.338030
-1.915178
3.364419
-0.324362
8.728017
-1.570599
3.798555
8.635278
2.995109
-0.185504
1.208389
2.340376
-0.185504
6.625666
-0.813050
5.405077
-10.298907
4.328397
-1.020992
-1.404780
-5.192223
-1.244922
-2.114359
3.716434
2.464943
4.111758
5.327968
5.235545
4.277191
5.683329
-3.959884
-0.185504
0.114279
-0.289640
2.201346
-3.853822
5.846136
1.580016
-0.915489
-6.589547
-0.607586
2.658272
3.475308
-2.751243
7.415175
-0.937950
7.998376
0.376067
-24.782063
-6.495867
3.699541
-0.715945
2.596061
3.723018
-1.871679
3.031672
4.662957
7.590755
-2.190493
-0.862406
-1.827109
0.800714
1.344695
-1.283920
-2.456917
5.701684
3.996186
5.475693
-0.557515
5.033586
-8.427923
7.420668
-0.685011
-0.185504
0.948252
-0.185504
-4.784310
-0.185504
0.053906
5.907329
9.094458
1.732632
-0.933962
3.961851
-2.078570
-1.959562
4.917232
-0.185504
5.577778
-2.171593
26.003159
-3.191643
9.782037
-19.078789
0.669858
-3.510726
17.161591
-0.239220
-16.681997
2.845638
-1.009225
-4.122150
-0.185504
-0.557460
3.014677
3.562829
-0.185504
-1.759685
-0.185504
-3.272274
-0.185504
-2.641378
1.809043
-0.113021
1.888510
6.732306
3.894623
4.159670
3.428397
-0.337022
-3.540568
-2.535972
3.899651
-3.063538
-0.875038
-0.013557
-0.185504
1.681479
-3.325220
4.105155
-0.185504
-0.362823
1.989578
1.658169
3.511485
2.612642
-0.185504
1.357799
-2.460290
-0.185504
-19.541668
-4.554173
2.143036
3.727516
-4.476967
1.369960
-8.472858
-1.792194
-2.188461
1.832962
-0.185504
-4.045252
4.618060
-0.185504
4.081055
-0.398200
-1.050240
-2.960630
-4.229749
3.717154
-0.382042
-3.113267
-1.649153
0.612556
-3.472875
0.643208
1.408120
-0.007266
6.753396
3.836966
0.009478
-0.236525
-4.553074
-1.434601
0.357907
-1.937526
-0.375553
-0.418757
-6.949803
3.093321
-0.185504
0.418142
-0.443323
3.902927
2.142128
3.766802
-2.063546
-4.167482
1.922373
-0.113971
0.008590
3.026385
5.583518
10.776842
-1.147057
-3.343430
-10.393094
-0.923410
3.603375
9.267406
-0.089290
-8.519262
-2.577941
3.173966
1.576816
3.796427
-1.202991
2.306150
-2.055787
0.362330
-0.240271
1.913650
-2.036630
0.528410
-0.547271
2.719150
-6.020269
-33.991577
1.260267
-0.175952
5.207841
-0.185504
-2.105385
-3.788061
0.795018
0.413057
2.259799
-3.363615
-1.559211
3.842857
-2.614226
3.694534
-0.185504
-3.417520
2.201446
-4.476748
-0.010007
-4.952632
-0.185504
4.814985
6.422545
-1.351604
0.978555
-1.345216
-14.742250
-2.479324
-0.666967
4.771992
-5.932029
2.397713
3.231977
-0.185504
-2.017756
3.303948
-0.185504
3.553056
-1.034342
31.807833
-1.062439
-3.312728
-0.620374
-6.166182
-2.719851
0.800626
-0.185504
-1.562582
